Date,Weekly U.S. Commercial Crude Oil Imports Excluding SPR  (Thousand Barrels per Day),Weekly U.S. Exports of Crude Oil and Petroleum Products  (Thousand Barrels per Day),Weekly U.S. Product Supplied of Petroleum Products  (Thousand Barrels per Day),"Cushing, OK WTI Spot Price FOB (Dollars per Barrel)"
1991-02-08,5542.0,1224.0,16067.0,21.78
1991-02-15,5527.0,1224.0,15627.0,20.73
1991-02-22,4934.0,1510.0,15414.0,17.43
1991-03-01,4983.0,1510.0,16997.0,19.43
1991-03-08,5430.0,1025.0,16982.0,19.34
1991-03-15,4912.0,1025.0,16914.0,19.88
1991-03-22,5388.0,1025.0,16408.0,19.88
1991-04-05,5454.0,871.0,16344.0,20.03
1991-04-12,6290.0,871.0,15888.0,21.54
1991-04-19,4663.0,871.0,15799.0,21.16
1991-04-26,5418.0,871.0,16054.0,21.28
1991-05-10,6471.0,892.0,15995.0,21.25
1991-05-17,5895.0,892.0,16306.0,21.19
1991-05-24,6177.0,892.0,15273.0,21.04
1991-05-31,6633.0,892.0,16357.0,21.16
1991-06-07,6958.0,1062.0,16226.0,20.28
1991-06-14,6093.0,1062.0,16519.0,19.7
1991-06-21,5937.0,1062.0,17076.0,20.1
1991-06-28,7128.0,1062.0,17242.0,20.56
1991-07-05,4904.0,882.0,17363.0,20.91
1991-07-12,5984.0,882.0,15446.0,21.74
1991-07-19,6589.0,882.0,16948.0,22.16
1991-07-26,5773.0,882.0,16092.0,21.48
1991-08-02,5780.0,1002.0,16672.0,21.35
1991-08-09,6690.0,1002.0,16902.0,21.64
1991-08-16,7270.0,1002.0,17000.0,21.29
1991-08-23,6431.0,1002.0,16346.0,21.78
1991-08-30,6143.0,1002.0,16731.0,22.28
1991-09-06,6513.0,798.0,16855.0,21.56
1991-09-13,5818.0,798.0,16360.0,21.71
1991-09-20,6676.0,798.0,17053.0,22.02
1991-09-27,6521.0,798.0,16984.0,22.42
1991-10-04,4814.0,1047.0,17537.0,22.64
1991-10-11,5587.0,1047.0,17042.0,23.19
1991-10-18,5849.0,1047.0,17570.0,24.12
1991-10-25,5785.0,1032.0,17092.0,23.18
1991-11-01,5025.0,1032.0,16254.0,23.85
1991-11-08,5877.0,1009.0,17193.0,23.0
1991-11-15,5983.0,1009.0,17035.0,22.79
1991-11-22,5927.0,1009.0,15978.0,21.85
1991-11-29,4403.0,1042.0,15683.0,21.48
1991-12-06,6738.0,983.0,16258.0,19.87
1991-12-13,6094.0,983.0,16536.0,20.09
1991-12-20,5403.0,983.0,18161.0,18.28
1991-12-27,5614.0,1020.0,17129.0,18.82
1992-01-03,4437.0,976.0,16707.0,19.22
1992-01-10,6778.0,976.0,16923.0,18.26
1992-01-17,5962.0,976.0,16600.0,19.11
1992-01-24,5252.0,1007.0,17852.0,18.75
1992-01-31,5819.0,1007.0,17319.0,18.93
1992-02-07,4308.0,1039.0,17190.0,19.91
1992-02-14,6287.0,1039.0,16630.0,19.42
1992-02-21,4278.0,1039.0,16389.0,18.6
1992-02-28,6240.0,1029.0,15099.0,18.69
1992-03-06,5149.0,1090.0,16763.0,18.53
1992-03-13,5429.0,1090.0,16004.0,19.16
1992-03-20,5625.0,1090.0,16415.0,18.78
1992-03-27,5155.0,1195.0,17621.0,19.19
1992-04-03,5512.0,1114.0,16782.0,20.25
1992-04-10,6782.0,1114.0,17783.0,20.45
1992-04-24,5597.0,1057.0,17152.0,20.05
1992-05-01,5546.0,1057.0,17639.0,20.88
1992-05-08,6114.0,986.0,16020.0,20.85
1992-05-15,5635.0,986.0,16476.0,20.7
1992-05-22,7003.0,986.0,16030.0,20.79
1992-05-29,5685.0,986.0,15455.0,22.13
1992-06-05,5936.0,945.0,17005.0,22.65
1992-06-12,6238.0,945.0,15377.0,22.28
1992-06-19,6183.0,945.0,17251.0,22.16
1992-06-26,5238.0,957.0,14912.0,22.42
1992-07-03,5559.0,972.0,17100.0,22.08
1992-07-10,7504.0,972.0,17503.0,21.25
1992-07-17,6560.0,972.0,17614.0,21.56
1992-07-24,6708.0,981.0,16546.0,21.95
1992-07-31,6505.0,981.0,17100.0,21.83
1992-08-07,6002.0,947.0,17319.0,21.27
1992-08-14,7644.0,947.0,17517.0,21.31
1992-08-21,6227.0,947.0,17100.0,21.19
1992-08-28,6103.0,972.0,17636.0,21.3
1992-09-04,5700.0,994.0,16829.0,21.77
1992-09-11,6337.0,994.0,16525.0,22.0
1992-09-18,6639.0,994.0,16432.0,21.96
1992-09-25,5972.0,1016.0,16251.0,21.51
1992-10-02,5954.0,1062.0,17830.0,21.93
1992-10-09,6443.0,1062.0,17231.0,21.99
1992-10-16,7944.0,1062.0,17201.0,22.31
1992-10-23,5929.0,1072.0,15859.0,21.11
1992-10-30,6835.0,1072.0,17781.0,20.68
1992-11-06,6327.0,1011.0,16319.0,20.26
1992-11-13,5633.0,1011.0,16581.0,20.04
1992-11-20,6593.0,1011.0,17392.0,20.37
1992-11-27,6141.0,990.0,16876.0,20.29
1992-12-04,6242.0,1061.0,17118.0,18.95
1992-12-11,6681.0,1061.0,17526.0,19.09
1992-12-18,6411.0,1061.0,18197.0,19.81
1993-01-08,7060.0,1103.0,15904.0,18.9
1993-01-15,6171.0,1103.0,16119.0,18.89
1993-01-22,6216.0,1103.0,17424.0,18.64
1993-01-29,6782.0,1102.0,17607.0,20.27
1993-02-05,6419.0,1029.0,18017.0,20.27
1993-02-12,6294.0,1029.0,16811.0,19.96
1993-02-19,5511.0,1029.0,17697.0,19.69
1993-02-26,6801.0,1044.0,17704.0,20.53
1993-03-05,5636.0,1021.0,17866.0,20.85
1993-03-12,7382.0,1021.0,16253.0,20.38
1993-03-19,5474.0,1021.0,17894.0,20.05
1993-03-26,6996.0,1021.0,17571.0,20.42
1993-04-02,5512.0,986.0,16100.0,20.67
1993-04-16,6406.0,986.0,17201.0,20.09
1993-04-23,6662.0,986.0,17500.0,19.93
1993-04-30,7518.0,981.0,17920.0,20.54
1993-05-07,6495.0,962.0,16545.0,20.43
1993-05-14,6974.0,962.0,17054.0,19.51
1993-05-21,6618.0,962.0,16418.0,19.6
1993-05-28,6651.0,962.0,17417.0,20.04
1993-06-04,5807.0,1004.0,16676.0,19.79
1993-06-11,7341.0,1004.0,16674.0,18.99
1993-06-18,7764.0,1004.0,17393.0,18.71
1993-06-25,6658.0,1002.0,16699.0,18.83
1993-07-02,6121.0,954.0,17931.0,17.93
1993-07-09,6629.0,954.0,16716.0,17.92
1993-07-16,8226.0,850.0,17689.0,17.29
1993-07-23,5510.0,856.0,17771.0,17.67
1993-07-30,6369.0,842.0,16717.0,17.94
1993-08-06,6784.0,845.0,18595.0,17.3
1993-08-13,6277.0,845.0,17752.0,18.14
1993-08-20,5974.0,845.0,18190.0,18.09
1993-08-27,7698.0,816.0,17330.0,18.82
1993-09-03,6429.0,866.0,16367.0,17.72
1993-09-10,6186.0,866.0,17653.0,16.74
1993-09-17,6324.0,885.0,17292.0,17.1
1993-09-24,6429.0,885.0,17282.0,17.52
1993-10-01,6264.0,914.0,17326.0,18.63
1993-10-08,6763.0,858.0,17069.0,18.53
1993-10-15,7513.0,858.0,18316.0,18.24
1993-10-22,6639.0,848.0,17343.0,17.92
1993-10-29,7180.0,848.0,17207.0,16.97
1993-11-05,5648.0,860.0,17859.0,17.09
1993-11-12,7942.0,860.0,17134.0,16.72
1993-11-19,6624.0,860.0,18031.0,16.55
1993-11-26,5620.0,865.0,16341.0,15.53
1993-12-03,7748.0,876.0,16879.0,15.03
1993-12-10,7249.0,876.0,18435.0,15.04
1993-12-17,6635.0,876.0,18538.0,13.98
1994-01-07,6598.0,866.0,17837.0,15.33
1994-01-14,6037.0,866.0,17878.0,14.81
1994-01-21,5618.0,866.0,18020.0,14.85
1994-01-28,5877.0,893.0,19126.0,15.37
1994-02-04,7067.0,871.0,17827.0,15.63
1994-02-11,5978.0,871.0,18288.0,14.71
1994-02-18,6429.0,871.0,18229.0,14.21
1994-02-25,5954.0,924.0,17104.0,14.48
1994-03-04,6095.0,872.0,17384.0,14.57
1994-03-11,5696.0,872.0,16848.0,14.47
1994-03-18,7316.0,872.0,17245.0,14.88
1994-03-25,5646.0,872.0,16880.0,15.19
1994-04-08,6726.0,871.0,17495.0,15.57
1994-04-15,6363.0,871.0,16689.0,16.58
1994-04-22,7763.0,871.0,17145.0,17.84
1994-04-29,7303.0,880.0,17937.0,16.92
1994-05-06,7657.0,886.0,16811.0,17.74
1994-05-13,7347.0,886.0,16683.0,18.2
1994-05-20,6627.0,886.0,18131.0,18.93
1994-05-27,6674.0,914.0,18426.0,18.02
1994-06-03,7382.0,886.0,15824.0,18.11
1994-06-10,7134.0,886.0,18080.0,18.48
1994-06-17,8890.0,886.0,17153.0,20.72
1994-06-24,8027.0,886.0,18109.0,19.28
1994-07-01,7124.0,875.0,16950.0,19.52
1994-07-08,7807.0,854.0,17221.0,19.48
1994-07-15,8550.0,854.0,17142.0,19.89
1994-07-22,7183.0,854.0,18143.0,19.59
1994-07-29,8155.0,863.0,16795.0,20.3
1994-08-05,6427.0,895.0,17899.0,19.37
1994-08-12,8256.0,895.0,17994.0,18.05
1994-08-19,7549.0,895.0,18085.0,17.56
1994-08-26,6987.0,896.0,17052.0,17.14
1994-09-02,8544.0,905.0,18275.0,17.52
1994-09-09,7124.0,905.0,17047.0,17.53
1994-09-16,8414.0,905.0,17095.0,16.84
1994-09-23,6745.0,905.0,17853.0,17.76
1994-09-30,8059.0,913.0,17090.0,18.36
1994-10-07,7208.0,895.0,17014.0,18.27
1994-10-14,6961.0,895.0,18477.0,16.98
1994-10-21,7018.0,895.0,17315.0,17.31
1994-10-28,6893.0,927.0,17715.0,18.25
1994-11-04,6564.0,910.0,17423.0,18.76
1994-11-11,7601.0,910.0,17419.0,18.07
1994-11-18,7398.0,910.0,17680.0,17.47
1994-12-02,6224.0,923.0,16226.0,17.0
1994-12-09,7030.0,923.0,19222.0,17.12
1994-12-16,7222.0,923.0,17096.0,16.84
1994-12-23,6566.0,923.0,19491.0,17.41
1994-12-30,7334.0,938.0,17859.0,17.77
1995-01-06,7136.0,924.0,17692.0,17.69
1995-01-13,6442.0,924.0,17340.0,17.52
1995-01-20,6521.0,924.0,17121.0,18.46
1995-01-27,6465.0,961.0,17105.0,17.95
1995-02-03,5795.0,907.0,16966.0,18.78
1995-02-10,7901.0,907.0,17766.0,18.47
1995-02-17,6489.0,907.0,18514.0,18.94
1995-02-24,5781.0,907.0,18222.0,18.7
1995-03-03,6104.0,995.0,16863.0,18.63
1995-03-10,8029.0,995.0,17861.0,17.92
1995-03-17,6696.0,995.0,17059.0,18.27
1995-03-24,6088.0,995.0,16781.0,18.68
1995-03-31,8135.0,985.0,17665.0,19.18
1995-04-07,6723.0,958.0,17563.0,19.67
1995-04-21,8199.0,958.0,17499.0,20.46
1995-04-28,8139.0,1004.0,17561.0,20.36
1995-05-05,5800.0,967.0,16665.0,20.33
1995-05-12,7709.0,967.0,16984.0,19.55
1995-05-19,7597.0,967.0,17673.0,20.06
1995-05-26,6871.0,932.0,16365.0,18.7
1995-06-02,7419.0,932.0,17521.0,19.14
1995-06-09,7037.0,932.0,17662.0,18.83
1995-06-16,9337.0,932.0,17922.0,18.8
1995-06-23,6503.0,932.0,18346.0,17.81
1995-06-30,7948.0,927.0,18202.0,17.38
1995-07-07,6455.0,898.0,16901.0,17.14
1995-07-14,7884.0,898.0,17547.0,17.32
1995-07-21,6733.0,898.0,17774.0,17.07
1995-07-28,7390.0,900.0,19506.0,17.43
1995-08-04,7439.0,831.0,17827.0,17.74
1995-08-11,8483.0,831.0,17384.0,17.86
1995-08-18,7781.0,831.0,18232.0,17.87
1995-08-25,7402.0,831.0,17961.0,19.91
1995-09-01,6522.0,784.0,17603.0,18.08
1995-09-08,8563.0,843.0,18087.0,18.44
1995-09-15,8227.0,843.0,17584.0,18.94
1995-09-22,7195.0,843.0,17547.0,17.27
1995-09-29,7546.0,877.0,16378.0,17.54
1995-10-06,6129.0,828.0,17951.0,17.03
1995-10-13,7416.0,828.0,17704.0,17.38
1995-10-20,7568.0,828.0,17962.0,17.44
1995-10-27,6986.0,723.0,18169.0,17.54
1995-11-03,6530.0,835.0,17461.0,17.93
1995-11-10,7695.0,835.0,18344.0,17.83
1995-11-17,8060.0,835.0,18258.0,18.56
1995-12-01,7182.0,849.0,17841.0,18.43
1995-12-08,8066.0,850.0,18978.0,18.97
1995-12-15,6990.0,850.0,18355.0,19.51
1995-12-22,6192.0,850.0,19138.0,19.12
1995-12-29,6963.0,850.0,17302.0,19.54
1996-01-05,6926.0,934.0,18459.0,20.26
1996-01-12,7504.0,954.0,18285.0,18.28
1996-01-19,7240.0,954.0,17898.0,18.94
1996-01-26,6937.0,954.0,18294.0,17.68
1996-02-02,7002.0,954.0,18152.0,17.83
1996-02-09,6427.0,925.0,19548.0,17.83
1996-02-16,7504.0,925.0,18863.0,19.16
1996-02-23,5543.0,925.0,17871.0,20.97
1996-03-01,6235.0,925.0,17957.0,19.45
1996-03-08,6986.0,925.0,17610.0,19.66
1996-03-15,6923.0,925.0,18193.0,21.99
1996-03-22,6598.0,925.0,18561.0,22.85
1996-03-29,7396.0,925.0,17705.0,21.43
1996-04-12,7535.0,977.0,17391.0,24.29
1996-04-19,7231.0,977.0,16895.0,23.96
1996-04-26,7852.0,977.0,16874.0,22.33
1996-05-03,7223.0,943.0,17305.0,21.19
1996-05-10,8578.0,943.0,17910.0,21.01
1996-05-17,7564.0,943.0,16887.0,20.64
1996-05-24,6865.0,916.0,18920.0,21.58
1996-05-31,8116.0,916.0,17646.0,19.77
1996-06-07,7524.0,1132.0,17600.0,20.28
1996-06-14,8676.0,946.0,17339.0,20.28
1996-06-21,7587.0,946.0,18556.0,20.38
1996-06-28,8366.0,926.0,18955.0,20.92
1996-07-05,7860.0,919.0,17354.0,21.65
1996-07-12,7601.0,919.0,17687.0,21.9
1996-07-19,7870.0,919.0,17901.0,20.95
1996-07-26,7683.0,924.0,18953.0,20.13
1996-08-02,8143.0,1084.0,18770.0,21.35
1996-08-09,8044.0,898.0,17787.0,21.6
1996-08-16,9060.0,895.0,17541.0,22.6
1996-08-23,7969.0,895.0,18458.0,22.23
1996-08-30,7304.0,875.0,17974.0,22.25
1996-09-06,7563.0,996.0,18052.0,23.85
1996-09-13,7801.0,882.0,17555.0,24.5
1996-09-20,7483.0,882.0,17999.0,23.6
1996-09-27,6280.0,993.0,17938.0,24.6
1996-10-04,8177.0,917.0,18664.0,24.75
1996-10-11,7654.0,913.0,18129.0,24.65
1996-10-18,8736.0,913.0,18974.0,25.8
1996-10-25,8468.0,1212.0,18373.0,24.8
1996-11-01,6881.0,937.0,18687.0,23.0
1996-11-08,8481.0,1057.0,18540.0,23.6
1996-11-15,6952.0,1129.0,18490.0,24.15
1996-11-22,7150.0,1057.0,18100.0,24.15
1996-11-29,6143.0,943.0,17558.0,23.7
1996-12-06,8491.0,1016.0,17683.0,25.6
1996-12-13,7848.0,1204.0,19464.0,24.45
1996-12-20,7150.0,1132.0,18972.0,26.1
1996-12-27,7730.0,1018.0,18421.0,25.2
1997-01-03,6021.0,983.0,16375.0,25.55
1997-01-10,7396.0,1169.0,18085.0,26.15
1997-01-17,7417.0,1097.0,18614.0,25.4
1997-01-24,8144.0,1283.0,18258.0,23.85
1997-01-31,7113.0,979.0,18335.0,24.15
1997-02-07,8316.0,1083.0,18000.0,22.3
1997-02-14,6905.0,947.0,18207.0,22.4
1997-02-21,7403.0,943.0,17900.0,21.6
1997-02-28,7331.0,928.0,16973.0,20.3
1997-03-07,7742.0,984.0,17422.0,21.35
1997-03-14,7753.0,984.0,18197.0,21.3
1997-03-21,7135.0,983.0,18350.0,21.7
1997-04-04,8006.0,952.0,18385.0,19.15
1997-04-11,7782.0,952.0,17720.0,19.5
1997-04-18,8418.0,952.0,18383.0,19.9
1997-04-25,7853.0,951.0,17646.0,19.8
1997-05-02,8203.0,946.0,20017.0,19.6
1997-05-09,7796.0,946.0,18304.0,20.45
1997-05-16,7505.0,946.0,18468.0,22.1
1997-05-23,8187.0,946.0,18719.0,21.25
1997-05-30,8267.0,940.0,17149.0,21.0
1997-06-06,8899.0,881.0,18366.0,19.0
1997-06-13,9567.0,881.0,18623.0,18.95
1997-06-20,7213.0,881.0,19154.0,18.6
1997-06-27,8097.0,881.0,18920.0,19.42
1997-07-11,7684.0,881.0,18456.0,19.39
1997-07-18,8375.0,881.0,19552.0,19.22
1997-07-25,8269.0,881.0,19141.0,19.71
1997-08-01,7620.0,890.0,18108.0,20.27
1997-08-08,8882.0,884.0,18472.0,19.58
1997-08-15,8828.0,884.0,19298.0,20.08
1997-08-22,8367.0,884.0,18507.0,19.7
1997-08-29,8101.0,884.0,19159.0,19.66
1997-09-05,7705.0,986.0,17595.0,19.61
1997-09-12,9311.0,986.0,18546.0,19.37
1997-09-19,8564.0,986.0,18274.0,19.37
1997-09-26,8687.0,969.0,19489.0,20.87
1997-10-03,9625.0,967.0,19201.0,22.86
1997-10-10,8221.0,967.0,18956.0,22.01
1997-10-17,8017.0,967.0,18480.0,21.41
1997-10-24,7633.0,967.0,18848.0,20.99
1997-10-31,7994.0,975.0,19074.0,21.1
1997-11-07,7529.0,964.0,19124.0,20.8
1997-11-14,9475.0,964.0,18611.0,21.01
1997-11-21,7608.0,964.0,19266.0,19.76
1997-12-05,8007.0,980.0,19260.0,18.72
1997-12-12,7140.0,980.0,18889.0,18.21
1997-12-19,8175.0,980.0,19807.0,18.46
1997-12-26,6987.0,980.0,19288.0,18.19
1998-01-02,7241.0,980.0,17809.0,17.41
1998-01-09,8733.0,904.0,17977.0,16.65
1998-01-16,8960.0,904.0,18876.0,16.48
1998-01-23,8114.0,904.0,19251.0,15.65
1998-01-30,7448.0,904.0,18553.0,17.21
1998-02-06,8323.0,952.0,17891.0,16.72
1998-02-13,8242.0,952.0,18977.0,16.03
1998-02-20,6580.0,952.0,18429.0,16.13
1998-02-27,7170.0,952.0,17357.0,15.44
1998-03-06,7726.0,952.0,19252.0,14.9
1998-03-13,7683.0,952.0,19225.0,14.19
1998-03-20,8178.0,952.0,17872.0,14.31
1998-03-27,9213.0,952.0,18287.0,16.84
1998-04-03,8117.0,955.0,19372.0,16.08
1998-04-17,10168.0,956.0,19102.0,15.49
1998-04-24,7978.0,956.0,18377.0,13.23
1998-05-01,8312.0,940.0,17915.0,16.25
1998-05-08,8612.0,937.0,17793.0,15.21
1998-05-15,8504.0,937.0,19609.0,14.51
1998-05-22,7959.0,937.0,17946.0,14.81
1998-05-29,8738.0,937.0,17939.0,15.21
1998-06-05,9806.0,936.0,19790.0,15.13
1998-06-12,8875.0,936.0,18903.0,12.66
1998-06-19,8193.0,936.0,18696.0,11.8
1998-06-26,10018.0,936.0,19313.0,14.21
1998-07-10,9250.0,963.0,18272.0,13.96
1998-07-17,9209.0,960.0,19305.0,14.02
1998-07-24,9264.0,960.0,18487.0,13.93
1998-07-31,9369.0,955.0,18598.0,14.27
1998-08-07,9345.0,966.0,19243.0,13.85
1998-08-14,9958.0,965.0,19356.0,13.4
1998-08-21,8993.0,965.0,19532.0,13.44
1998-08-28,9379.0,966.0,19917.0,13.54
1998-09-04,8487.0,982.0,18801.0,14.59
1998-09-11,8631.0,982.0,18909.0,14.39
1998-09-18,7476.0,982.0,18467.0,15.53
1998-09-25,9114.0,982.0,18653.0,15.8
1998-10-02,8222.0,1010.0,18539.0,15.71
1998-10-09,8663.0,1010.0,19555.0,14.64
1998-10-16,8158.0,1010.0,17961.0,14.16
1998-10-23,8176.0,1010.0,17954.0,14.06
1998-10-30,8201.0,1010.0,19196.0,14.48
1998-11-06,8920.0,985.0,17950.0,13.93
1998-11-13,7770.0,985.0,19601.0,13.57
1998-11-20,9501.0,985.0,18827.0,12.2
1998-12-04,9233.0,1022.0,17206.0,11.2
1998-12-11,9152.0,1022.0,18422.0,10.86
1998-12-18,8794.0,1022.0,19974.0,10.95
1999-01-08,8488.0,987.0,18181.0,13.06
1999-01-15,8944.0,987.0,19284.0,12.21
1999-01-22,8458.0,987.0,19266.0,12.62
1999-01-29,8559.0,987.0,18268.0,12.81
1999-02-05,8405.0,929.0,18492.0,11.85
1999-02-12,8255.0,929.0,19402.0,11.9
1999-02-19,8780.0,929.0,18379.0,11.79
1999-02-26,8949.0,929.0,19730.0,12.31
1999-03-05,8653.0,953.0,19172.0,13.33
1999-03-12,9044.0,953.0,19049.0,14.51
1999-03-19,7874.0,953.0,18730.0,15.26
1999-03-26,9085.0,953.0,19191.0,16.16
1999-04-09,8630.0,986.0,17225.0,16.59
1999-04-16,8983.0,986.0,19521.0,17.34
1999-04-23,8273.0,986.0,18792.0,17.96
1999-04-30,8206.0,986.0,18025.0,18.69
1999-05-07,8439.0,986.0,18527.0,18.23
1999-05-14,9017.0,954.0,17424.0,18.04
1999-05-21,8638.0,954.0,18721.0,17.22
1999-05-28,9081.0,954.0,18889.0,16.85
1999-06-04,8406.0,959.0,19246.0,17.36
1999-06-11,8759.0,959.0,19103.0,18.45
1999-06-18,9164.0,959.0,19484.0,18.01
1999-06-25,7958.0,959.0,19539.0,18.17
1999-07-02,9248.0,965.0,19416.0,19.7
1999-07-09,8669.0,965.0,17972.0,19.94
1999-07-16,9000.0,965.0,19338.0,20.66
1999-07-23,9483.0,965.0,19670.0,20.41
1999-07-30,9228.0,965.0,19483.0,20.52
1999-08-06,8578.0,984.0,19870.0,20.89
1999-08-13,8633.0,984.0,19701.0,21.67
1999-08-20,9053.0,984.0,19443.0,21.66
1999-08-27,9138.0,984.0,19603.0,21.31
1999-09-03,8305.0,984.0,19853.0,22.0
1999-09-10,8245.0,965.0,19344.0,23.55
1999-09-17,8809.0,965.0,19267.0,24.72
1999-09-24,8474.0,965.0,19037.0,24.81
1999-10-01,8678.0,965.0,19646.0,24.51
1999-10-08,7727.0,940.0,19488.0,20.81
1999-10-15,8832.0,940.0,19980.0,22.81
1999-10-22,8115.0,940.0,19783.0,23.48
1999-10-29,8763.0,940.0,19803.0,21.79
1999-11-05,8381.0,940.0,19974.0,22.93
1999-11-12,8362.0,926.0,20383.0,24.91
1999-11-19,8227.0,926.0,19799.0,26.61
1999-11-26,7450.0,926.0,19115.0,27.22
1999-12-03,8827.0,970.0,19552.0,25.71
1999-12-10,7548.0,970.0,19723.0,25.21
1999-12-17,8147.0,970.0,19124.0,26.76
2000-01-07,8508.0,962.0,19363.0,24.79
2000-01-14,7396.0,962.0,18222.0,28.01
2000-01-21,8448.0,962.0,19116.0,29.71
2000-01-28,6746.0,962.0,19899.0,27.27
2000-02-04,8333.0,962.0,19123.0,28.67
2000-02-11,8198.0,953.0,19206.0,29.51
2000-02-18,8265.0,953.0,19438.0,29.51
2000-02-25,7684.0,953.0,19169.0,30.34
2000-03-03,8818.0,953.0,17933.0,31.46
2000-03-10,7953.0,1003.0,19995.0,31.76
2000-03-17,8628.0,1003.0,19022.0,30.86
2000-03-24,8043.0,1003.0,19284.0,27.86
2000-03-31,9282.0,1003.0,18862.0,26.86
2000-04-07,9205.0,982.0,18556.0,24.97
2000-04-14,9124.0,982.0,19672.0,25.48
2000-04-28,8701.0,982.0,18842.0,25.71
2000-05-05,9353.0,969.0,19378.0,27.37
2000-05-12,8908.0,969.0,18932.0,29.64
2000-05-19,9341.0,969.0,19990.0,30.02
2000-05-26,8672.0,969.0,19458.0,29.76
2000-06-02,8660.0,995.0,18817.0,30.34
2000-06-09,8846.0,995.0,19345.0,30.22
2000-06-16,9477.0,995.0,19965.0,32.35
2000-06-23,9374.0,995.0,19740.0,34.76
2000-06-30,8939.0,1005.0,19746.0,32.44
2000-07-07,9756.0,1001.0,19135.0,30.26
2000-07-14,9341.0,1001.0,20022.0,31.31
2000-07-21,9915.0,1001.0,19268.0,28.56
2000-07-28,8784.0,1001.0,20143.0,28.22
2000-08-04,9429.0,1003.0,20341.0,29.94
2000-08-11,9696.0,1003.0,20464.0,31.02
2000-08-18,9318.0,1003.0,19394.0,31.97
2000-08-25,9296.0,1003.0,20226.0,34.01
2000-09-01,9671.0,1003.0,19776.0,33.42
2000-09-08,9497.0,1008.0,20320.0,33.62
2000-09-15,9034.0,1008.0,20133.0,35.87
2000-09-22,9464.0,1008.0,20318.0,32.66
2000-09-29,8990.0,1008.0,19558.0,30.87
2000-10-06,9139.0,1004.0,18974.0,30.86
2000-10-13,8914.0,1004.0,20289.0,34.96
2000-10-20,9631.0,1004.0,20436.0,34.31
2000-10-27,9320.0,1004.0,20217.0,32.78
2000-11-03,9328.0,978.0,20499.0,32.62
2000-11-10,8561.0,978.0,19871.0,34.05
2000-11-17,8711.0,978.0,20063.0,35.62
2000-11-24,7916.0,978.0,19243.0,36.06
2000-12-01,8712.0,987.0,19111.0,32.06
2000-12-08,8810.0,989.0,20631.0,28.31
2000-12-15,9445.0,989.0,20611.0,28.86
2000-12-22,8637.0,989.0,20080.0,26.16
2000-12-29,8877.0,989.0,21494.0,26.72
2001-01-05,9362.0,1018.0,21098.0,28.02
2001-01-12,8508.0,1018.0,20817.0,30.07
2001-01-19,7806.0,1018.0,19414.0,32.12
2001-01-26,8751.0,1018.0,20248.0,29.79
2001-02-02,9143.0,1000.0,20342.0,31.27
2001-02-09,8988.0,1000.0,20001.0,30.93
2001-02-16,7689.0,1000.0,19025.0,29.22
2001-02-23,9041.0,1000.0,20161.0,28.83
2001-03-02,8654.0,1000.0,20768.0,27.89
2001-03-09,10212.0,1004.0,19803.0,27.97
2001-03-16,9331.0,1004.0,19814.0,26.68
2001-03-23,9882.0,1004.0,19288.0,27.31
2001-03-30,9228.0,1005.0,19067.0,26.37
2001-04-06,9480.0,994.0,18541.0,27.07
2001-04-20,9415.0,994.0,18880.0,27.0
2001-04-27,10324.0,993.0,18820.0,28.35
2001-05-04,9644.0,978.0,20180.0,28.41
2001-05-11,9263.0,978.0,18694.0,28.59
2001-05-18,10241.0,977.0,19906.0,29.9
2001-05-25,8951.0,977.0,18786.0,28.08
2001-06-01,9846.0,976.0,18451.0,27.88
2001-06-08,8694.0,977.0,19138.0,28.43
2001-06-15,8709.0,977.0,18310.0,28.52
2001-06-22,9076.0,977.0,19651.0,27.02
2001-06-29,9573.0,977.0,20059.0,26.37
2001-07-06,9196.0,974.0,19060.0,28.1
2001-07-13,9986.0,974.0,19857.0,26.57
2001-07-20,9651.0,974.0,19948.0,25.67
2001-07-27,8893.0,974.0,20175.0,26.98
2001-08-03,8683.0,1042.0,19187.0,27.51
2001-08-10,8516.0,1042.0,19943.0,28.12
2001-08-17,8572.0,1042.0,20294.0,26.65
2001-08-24,9400.0,1042.0,20079.0,28.34
2001-08-31,8258.0,1041.0,19955.0,26.65
2001-09-07,9107.0,1034.0,19522.0,27.99
2001-09-14,8677.0,1034.0,19069.0,29.59
2001-09-21,8778.0,1034.0,17889.0,25.46
2001-09-28,8988.0,1034.0,19549.0,23.44
2001-10-05,9556.0,1039.0,19431.0,22.32
2001-10-12,8636.0,1039.0,19607.0,22.49
2001-10-19,9361.0,1039.0,19889.0,21.99
2001-10-26,9443.0,1039.0,20172.0,22.07
2001-11-02,9350.0,977.0,20490.0,20.24
2001-11-09,9669.0,977.0,19126.0,22.23
2001-11-16,8759.0,977.0,19622.0,18.09
2001-11-30,9891.0,934.0,19224.0,19.46
2001-12-07,9001.0,930.0,19411.0,19.08
2001-12-14,8807.0,930.0,20468.0,19.31
2001-12-21,8692.0,930.0,20516.0,19.3
2001-12-28,8167.0,930.0,19609.0,20.42
2002-01-04,8583.0,895.0,18954.0,21.47
2002-01-11,8517.0,895.0,19630.0,19.67
2002-01-18,9112.0,895.0,19007.0,18.02
2002-01-25,8517.0,895.0,18899.0,19.8
2002-02-01,8595.0,952.0,19242.0,20.4
2002-02-08,9136.0,929.0,18943.0,20.25
2002-02-15,8034.0,929.0,19782.0,21.47
2002-02-22,8016.0,929.0,19336.0,20.92
2002-03-01,8201.0,929.0,19855.0,22.37
2002-03-08,8160.0,929.0,18459.0,23.87
2002-03-15,8448.0,929.0,18856.0,24.47
2002-03-22,7858.0,929.0,19573.0,25.56
2002-04-05,8849.0,971.0,19517.0,26.21
2002-04-12,8265.0,971.0,19727.0,23.51
2002-04-19,9133.0,971.0,19153.0,26.43
2002-04-26,9409.0,971.0,19472.0,27.12
2002-05-03,9160.0,963.0,19368.0,26.75
2002-05-10,8694.0,963.0,19236.0,27.92
2002-05-17,9101.0,963.0,19875.0,28.19
2002-05-24,8844.0,963.0,19353.0,26.69
2002-05-31,9165.0,952.0,19587.0,25.37
2002-06-07,8658.0,964.0,19338.0,24.72
2002-06-14,9218.0,964.0,18953.0,25.9
2002-06-21,9030.0,964.0,20108.0,25.51
2002-06-28,9591.0,964.0,20191.0,26.79
2002-07-12,9163.0,989.0,19013.0,27.48
2002-07-19,9226.0,989.0,19620.0,27.83
2002-07-26,9168.0,989.0,20066.0,26.55
2002-08-02,8686.0,984.0,20290.0,26.87
2002-08-09,9193.0,984.0,20357.0,26.87
2002-08-16,9398.0,984.0,20181.0,29.24
2002-08-23,9200.0,984.0,20328.0,29.99
2002-08-30,9233.0,937.0,20015.0,28.97
2002-09-06,8339.0,931.0,19209.0,29.51
2002-09-13,8665.0,931.0,19512.0,29.83
2002-09-20,8953.0,931.0,19360.0,29.65
2002-09-27,8509.0,931.0,19224.0,30.53
2002-10-04,8191.0,958.0,19711.0,29.65
2002-10-11,9502.0,958.0,18804.0,29.36
2002-10-18,9992.0,958.0,19043.0,29.56
2002-10-25,9015.0,938.0,19990.0,27.09
2002-11-01,9099.0,987.0,19796.0,27.04
2002-11-08,9177.0,969.0,19214.0,25.83
2002-11-15,10088.0,969.0,19611.0,25.5
2002-11-22,8957.0,969.0,20498.0,27.73
2002-12-06,9730.0,1023.0,19508.0,27.03
2002-12-13,9337.0,1023.0,19950.0,28.39
2002-12-20,9145.0,1023.0,20211.0,30.57
2002-12-27,7631.0,1023.0,20434.0,32.68
2003-01-03,8289.0,956.0,19780.0,33.26
2003-01-10,8489.0,956.0,19263.0,31.59
2003-01-17,8745.0,956.0,20105.0,33.88
2003-01-24,8678.0,956.0,20281.0,34.98
2003-01-31,8379.0,886.0,20819.0,33.51
2003-02-07,7197.0,903.0,19151.0,35.05
2003-02-14,8762.0,903.0,20353.0,36.61
2003-02-21,8325.0,903.0,20064.0,36.76
2003-02-28,8679.0,903.0,20078.0,36.76
2003-03-07,7621.0,983.0,19887.0,37.76
2003-03-14,8693.0,981.0,20301.0,35.41
2003-03-21,9655.0,981.0,20164.0,27.18
2003-03-28,10361.0,981.0,19831.0,30.21
2003-04-04,8917.0,973.0,20767.0,28.41
2003-04-11,9405.0,973.0,19698.0,28.28
2003-04-25,9669.0,973.0,19396.0,25.92
2003-05-02,9856.0,960.0,20701.0,25.74
2003-05-09,9334.0,960.0,19854.0,27.65
2003-05-16,10073.0,960.0,19895.0,29.07
2003-05-23,10041.0,960.0,20598.0,29.74
2003-05-30,10521.0,968.0,19977.0,29.56
2003-06-06,9884.0,976.0,19849.0,31.26
2003-06-13,10302.0,976.0,20589.0,30.63
2003-06-20,9332.0,976.0,20027.0,30.63
2003-06-27,9466.0,972.0,20727.0,29.18
2003-07-11,9732.0,962.0,19181.0,31.33
2003-07-18,9441.0,962.0,20040.0,31.96
2003-07-25,10084.0,962.0,20292.0,30.31
2003-08-01,10294.0,981.0,20003.0,32.23
2003-08-08,9970.0,971.0,20737.0,32.23
2003-08-15,9868.0,971.0,20573.0,31.01
2003-08-22,10246.0,971.0,20590.0,31.64
2003-08-29,10126.0,996.0,20291.0,31.76
2003-09-05,9648.0,974.0,18892.0,28.93
2003-09-12,10759.0,962.0,19265.0,28.26
2003-09-19,10299.0,962.0,19083.0,26.93
2003-09-26,9513.0,952.0,18949.0,28.21
2003-10-03,9852.0,976.0,19971.0,30.37
2003-10-10,10019.0,976.0,20164.0,32.01
2003-10-17,9513.0,976.0,19192.0,30.61
2003-10-24,10159.0,976.0,19681.0,29.99
2003-10-31,10176.0,948.0,20555.0,29.24
2003-11-07,9948.0,931.0,20203.0,30.73
2003-11-14,10354.0,909.0,20124.0,32.31
2003-11-21,9151.0,899.0,20068.0,32.26
2003-12-05,9531.0,988.0,19714.0,30.68
2003-12-12,9140.0,988.0,20530.0,33.06
2003-12-19,9515.0,988.0,20345.0,32.81
2004-01-09,9214.0,994.0,19303.0,34.38
2004-01-16,9803.0,994.0,20011.0,35.16
2004-01-23,8634.0,994.0,20810.0,34.94
2004-01-30,10488.0,974.0,20754.0,33.16
2004-02-06,8447.0,932.0,20326.0,32.49
2004-02-13,10160.0,932.0,21071.0,34.51
2004-02-20,9007.0,932.0,20941.0,35.8
2004-02-27,9837.0,932.0,19503.0,36.08
2004-03-05,9788.0,984.0,19662.0,37.31
2004-03-12,9498.0,984.0,19501.0,36.21
2004-03-19,10108.0,984.0,19574.0,38.09
2004-03-26,10077.0,984.0,19570.0,35.61
2004-04-02,9757.0,984.0,20580.0,34.39
2004-04-16,9676.0,967.0,20051.0,37.7
2004-04-23,10469.0,967.0,19553.0,37.22
2004-04-30,9791.0,967.0,18932.0,37.31
2004-05-07,9926.0,975.0,20706.0,39.98
2004-05-14,9939.0,964.0,20606.0,41.42
2004-05-21,10493.0,957.0,20440.0,39.83
2004-05-28,10703.0,957.0,20240.0,39.9
2004-06-04,10483.0,946.0,20618.0,38.44
2004-06-18,10188.0,946.0,20598.0,38.68
2004-06-25,10591.0,959.0,20700.0,37.34
2004-07-02,10138.0,936.0,20222.0,38.37
2004-07-09,10054.0,936.0,20316.0,39.9
2004-07-16,9901.0,936.0,19678.0,41.1
2004-07-23,11324.0,936.0,20682.0,41.82
2004-07-30,10351.0,983.0,20689.0,43.72
2004-08-06,9524.0,994.0,20767.0,43.95
2004-08-13,10407.0,994.0,20477.0,46.61
2004-08-20,10549.0,991.0,20863.0,47.6
2004-08-27,10280.0,991.0,20699.0,43.11
2004-09-03,10711.0,991.0,20926.0,43.94
2004-09-10,9914.0,991.0,20350.0,42.84
2004-09-17,8426.0,993.0,20209.0,45.63
2004-09-24,9886.0,969.0,19888.0,48.86
2004-10-01,10180.0,969.0,20299.0,50.16
2004-10-08,10054.0,1045.0,20438.0,53.4
2004-10-15,10097.0,1045.0,20601.0,54.89
2004-10-22,10317.0,1038.0,20308.0,55.83
2004-10-29,10676.0,1038.0,20216.0,51.78
2004-11-05,10495.0,1004.0,20475.0,49.65
2004-11-12,10229.0,1004.0,21403.0,47.3
2004-11-19,10189.0,965.0,20404.0,48.9
2004-12-03,10864.0,924.0,20526.0,42.56
2004-12-10,10366.0,977.0,20928.0,40.71
2004-12-17,10545.0,983.0,20782.0,46.31
2005-01-07,9973.0,983.0,20466.0,45.32
2005-01-14,10120.0,983.0,20210.0,48.41
2005-01-21,10458.0,983.0,21225.0,48.31
2005-01-28,9886.0,983.0,20957.0,47.15
2005-02-04,9914.0,989.0,21064.0,46.45
2005-02-11,10434.0,989.0,21007.0,47.15
2005-02-18,9643.0,1085.0,20597.0,48.45
2005-02-25,10065.0,1035.0,20730.0,52.2
2005-03-04,10099.0,1019.0,20291.0,53.7
2005-03-11,10041.0,1012.0,21263.0,54.4
2005-03-18,10270.0,1012.0,20851.0,56.8
2005-04-01,9890.0,996.0,20213.0,57.26
2005-04-08,9863.0,941.0,20195.0,53.46
2005-04-15,9718.0,941.0,20559.0,50.61
2005-04-22,10863.0,966.0,20380.0,54.16
2005-04-29,10259.0,1019.0,20402.0,49.2
2005-05-06,9992.0,1012.0,20385.0,51.3
2005-05-13,10859.0,1048.0,20273.0,48.65
2005-05-20,10311.0,1098.0,20584.0,47.25
2005-05-27,10698.0,1139.0,20433.0,51.65
2005-06-03,10220.0,1157.0,20592.0,55.08
2005-06-10,10617.0,1157.0,20998.0,53.55
2005-06-17,10177.0,1157.0,20471.0,58.4
2005-06-24,10971.0,1157.0,20169.0,59.63
2005-07-01,10219.0,1138.0,21497.0,59.11
2005-07-08,9954.0,1095.0,20656.0,59.71
2005-07-15,10825.0,1095.0,20404.0,58.36
2005-07-22,9940.0,1095.0,20972.0,57.75
2005-07-29,10956.0,1130.0,20854.0,60.71
2005-08-05,11057.0,1123.0,21575.0,62.44
2005-08-12,10305.0,1190.0,21352.0,66.71
2005-08-19,10577.0,1210.0,21499.0,65.51
2005-08-26,10463.0,1155.0,21592.0,66.05
2005-09-02,9531.0,1155.0,20871.0,66.91
2005-09-09,9128.0,1099.0,19952.0,64.21
2005-09-16,9832.0,1099.0,20381.0,62.91
2005-09-23,9693.0,1099.0,19672.0,64.67
2005-09-30,8119.0,942.0,19755.0,66.21
2005-10-07,8619.0,934.0,20246.0,61.81
2005-10-14,9207.0,844.0,20404.0,62.61
2005-10-21,9957.0,844.0,20837.0,61.05
2005-10-28,10060.0,844.0,20435.0,61.3
2005-11-04,10584.0,847.0,20174.0,60.6
2005-11-11,9700.0,848.0,20705.0,57.45
2005-11-18,10219.0,848.0,20655.0,56.3
2005-12-02,10579.0,907.0,20535.0,59.31
2005-12-09,10429.0,893.0,21642.0,59.41
2005-12-16,9859.0,893.0,22156.0,58.01
2005-12-23,10189.0,893.0,21878.0,58.08
2005-12-30,10058.0,874.0,20801.0,61.06
2006-01-06,9870.0,889.0,20772.0,64.21
2006-01-13,9846.0,889.0,20805.0,63.86
2006-01-20,9257.0,889.0,19834.0,68.16
2006-01-27,9596.0,944.0,20220.0,67.81
2006-02-03,9860.0,944.0,19803.0,65.41
2006-02-10,10264.0,944.0,21020.0,62.01
2006-02-17,9959.0,944.0,21088.0,59.76
2006-02-24,9878.0,944.0,20889.0,61.46
2006-03-03,10145.0,1038.0,19880.0,63.61
2006-03-10,9940.0,1038.0,20897.0,59.91
2006-03-17,9331.0,1038.0,20621.0,62.81
2006-03-24,10100.0,1038.0,20604.0,63.9
2006-03-31,9953.0,1082.0,20532.0,66.25
2006-04-07,9539.0,1093.0,20738.0,67.02
2006-04-21,9864.0,1093.0,20734.0,73.73
2006-04-28,9811.0,1043.0,20111.0,71.8
2006-05-05,10007.0,1110.0,21200.0,70.09
2006-05-12,10383.0,1110.0,20953.0,71.87
2006-05-19,9557.0,1110.0,20976.0,68.44
2006-05-26,10842.0,1110.0,21272.0,71.35
2006-06-02,10881.0,1141.0,20603.0,72.73
2006-06-09,10547.0,1141.0,20701.0,71.62
2006-06-16,10994.0,1141.0,20971.0,69.75
2006-06-23,10546.0,1141.0,20877.0,70.5
2006-06-30,10539.0,1234.0,20881.0,73.94
2006-07-07,9619.0,1240.0,20563.0,73.76
2006-07-14,10701.0,1240.0,20445.0,76.8
2006-07-21,10507.0,1240.0,20909.0,73.52
2006-07-28,10431.0,1240.0,21113.0,73.3
2006-08-04,10165.0,1133.0,21283.0,74.78
2006-08-11,10022.0,1133.0,21032.0,74.38
2006-08-18,10197.0,1133.0,21454.0,70.93
2006-08-25,11153.0,1133.0,21294.0,72.13
2006-09-01,10365.0,1271.0,21173.0,69.24
2006-09-08,10597.0,1189.0,20953.0,66.3
2006-09-15,10592.0,1189.0,20760.0,63.3
2006-09-22,11083.0,1189.0,20705.0,59.79
2006-09-29,10513.0,1289.0,20228.0,62.9
2006-10-06,10364.0,1188.0,20938.0,59.68
2006-10-13,10430.0,1288.0,21441.0,58.69
2006-10-20,9494.0,1288.0,21502.0,57.35
2006-10-27,10093.0,1288.0,21484.0,60.75
2006-11-03,9787.0,1325.0,21076.0,59.13
2006-11-10,9450.0,1325.0,21317.0,59.66
2006-11-17,10490.0,1325.0,20331.0,55.9
2006-12-01,10299.0,1296.0,21116.0,63.43
2006-12-08,9598.0,1283.0,21349.0,62.06
2006-12-15,8902.0,1283.0,20918.0,63.4
2006-12-22,9129.0,1283.0,20781.0,61.81
2006-12-29,10126.0,1283.0,20368.0,60.85
2007-01-05,9505.0,1244.0,19562.0,56.29
2007-01-12,11057.0,1244.0,20201.0,52.96
2007-01-19,9808.0,1244.0,20369.0,51.98
2007-01-26,9967.0,1244.0,20869.0,55.38
2007-02-02,9547.0,1244.0,21637.0,59.01
2007-02-09,9584.0,1249.0,21815.0,59.86
2007-02-16,9742.0,1249.0,22037.0,59.38
2007-02-23,9522.0,1249.0,21698.0,60.28
2007-03-02,8872.0,1206.0,21273.0,61.58
2007-03-09,9802.0,1206.0,21003.0,60.06
2007-03-16,10418.0,1206.0,21344.0,57.06
2007-03-23,9632.0,1206.0,20807.0,61.07
2007-03-30,10245.0,1206.0,20747.0,65.94
2007-04-13,9919.0,1221.0,20825.0,63.63
2007-04-20,10035.0,1221.0,21076.0,63.56
2007-04-27,10264.0,1221.0,20796.0,66.45
2007-05-04,10991.0,1221.0,20795.0,61.89
2007-05-11,10332.0,1202.0,20831.0,62.35
2007-05-18,10892.0,1202.0,20786.0,64.93
2007-05-25,10018.0,1202.0,21235.0,64.59
2007-06-01,10240.0,1247.0,20972.0,65.09
2007-06-08,10141.0,1257.0,21062.0,64.78
2007-06-15,10791.0,1257.0,20517.0,68.04
2007-06-22,10501.0,1257.0,21087.0,68.85
2007-06-29,10778.0,1241.0,20616.0,70.47
2007-07-06,10025.0,1191.0,21069.0,72.8
2007-07-13,10375.0,1191.0,21008.0,73.89
2007-07-20,10378.0,1191.0,21006.0,75.53
2007-07-27,10165.0,1191.0,20900.0,77.03
2007-08-03,9998.0,1229.0,21090.0,75.41
2007-08-10,9873.0,1229.0,21139.0,71.49
2007-08-17,10815.0,1229.0,21305.0,71.9
2007-08-24,9822.0,1229.0,21260.0,71.17
2007-08-31,10237.0,1180.0,21422.0,73.98
2007-09-07,9563.0,1190.0,20449.0,76.7
2007-09-14,9805.0,1190.0,20559.0,79.14
2007-09-21,10442.0,1190.0,20184.0,83.38
2007-09-28,10253.0,1190.0,20640.0,81.64
2007-10-05,9869.0,1224.0,20792.0,81.2
2007-10-12,10408.0,1224.0,21024.0,83.73
2007-10-19,9103.0,1224.0,20660.0,88.58
2007-10-26,9381.0,1224.0,20412.0,91.73
2007-11-02,9656.0,1272.0,20661.0,95.81
2007-11-09,10487.0,1272.0,20627.0,96.36
2007-11-16,9820.0,1272.0,21350.0,94.81
2007-11-23,10354.0,1272.0,20863.0,98.24
2007-11-30,9374.0,1272.0,20795.0,88.6
2007-12-07,10063.0,1251.0,20977.0,88.23
2007-12-14,9111.0,1251.0,21050.0,91.31
2007-12-21,9805.0,1251.0,21535.0,93.19
2007-12-28,10009.0,1251.0,21349.0,96.03
2008-01-04,9806.0,1251.0,21288.0,97.9
2008-01-11,10389.0,1238.0,20469.0,92.74
2008-01-18,10156.0,1238.0,20749.0,90.55
2008-01-25,10056.0,1238.0,20785.0,90.37
2008-02-01,10514.0,1355.0,20490.0,89.03
2008-02-08,9737.0,1344.0,20118.0,91.77
2008-02-15,10102.0,1344.0,21311.0,95.57
2008-02-22,9958.0,1344.0,20407.0,99.03
2008-02-29,9437.0,1344.0,20383.0,101.78
2008-03-07,10548.0,1282.0,20081.0,105.12
2008-03-14,9468.0,1282.0,20164.0,110.03
2008-03-28,10283.0,1282.0,20402.0,105.59
2008-04-04,8912.0,1349.0,20769.0,106.09
2008-04-11,8879.0,1349.0,20591.0,110.14
2008-04-18,10041.0,1349.0,21116.0,116.56
2008-04-25,10215.0,1349.0,20241.0,119.64
2008-05-02,10628.0,1435.0,20496.0,116.36
2008-05-09,9933.0,1435.0,20274.0,125.94
2008-05-16,9237.0,1435.0,20347.0,126.5
2008-05-23,8959.0,1435.0,20807.0,131.58
2008-05-30,9786.0,1529.0,20153.0,127.35
2008-06-06,9688.0,1444.0,20243.0,138.51
2008-06-13,10259.0,1444.0,20456.0,134.84
2008-06-20,10251.0,1444.0,20079.0,134.78
2008-06-27,10168.0,1444.0,20590.0,139.69
2008-07-11,10791.0,1451.0,20198.0,144.96
2008-07-18,9806.0,1451.0,19903.0,128.94
2008-07-25,10005.0,1451.0,20204.0,122.59
2008-08-01,10193.0,1544.0,20215.0,125.03
2008-08-08,9655.0,1501.0,20372.0,115.42
2008-08-15,10991.0,1501.0,20106.0,113.46
2008-08-22,9979.0,1501.0,20133.0,114.48
2008-08-29,9830.0,1363.0,20555.0,115.55
2008-09-05,8581.0,1331.0,19784.0,106.47
2008-09-12,8510.0,1331.0,19049.0,101.19
2008-09-19,7143.0,1331.0,18784.0,104.05
2008-09-26,8989.0,1331.0,18465.0,106.77
2008-10-03,10346.0,1511.0,18341.0,93.91
2008-10-10,10161.0,1511.0,18865.0,77.44
2008-10-17,10400.0,1511.0,19193.0,71.9
2008-10-24,10337.0,1511.0,19113.0,63.34
2008-10-31,9972.0,1595.0,19216.0,68.1
2008-11-07,9503.0,1572.0,19004.0,61.06
2008-11-14,9871.0,1772.0,18972.0,57.18
2008-11-21,10959.0,1772.0,19482.0,49.22
2008-11-28,9504.0,1772.0,19606.0,55.21
2008-12-05,9959.0,1395.0,19149.0,41.01
2008-12-12,9673.0,1395.0,20192.0,46.27
2008-12-19,9118.0,1395.0,20191.0,33.17
2008-12-26,9249.0,1395.0,20211.0,37.58
2009-01-02,10485.0,1395.0,19836.0,46.17
2009-01-09,9729.0,1514.0,18640.0,40.69
2009-01-16,9866.0,1514.0,19097.0,35.38
2009-01-23,9708.0,1514.0,20151.0,45.12
2009-01-30,10037.0,1514.0,20306.0,41.73
2009-02-06,9652.0,1514.0,19662.0,40.24
2009-02-13,8793.0,1595.0,19690.0,37.63
2009-02-20,8769.0,1595.0,19233.0,39.35
2009-02-27,9028.0,1595.0,19577.0,44.15
2009-03-06,9121.0,1651.0,18892.0,45.43
2009-03-13,9180.0,1651.0,18787.0,46.22
2009-03-20,9384.0,1651.0,19191.0,51.55
2009-03-27,9554.0,1651.0,18591.0,52.41
2009-04-03,9332.0,1735.0,18867.0,52.52
2009-04-17,9855.0,1735.0,18160.0,50.36
2009-04-24,9824.0,1826.0,18429.0,50.65
2009-05-01,9920.0,1826.0,18019.0,52.18
2009-05-08,8708.0,1826.0,18168.0,58.58
2009-05-15,8791.0,1850.0,18403.0,56.52
2009-05-22,8778.0,1850.0,18579.0,61.15
2009-05-29,9646.0,1850.0,17679.0,66.31
2009-06-05,8970.0,1850.0,18725.0,68.43
2009-06-12,9037.0,1863.0,18964.0,72.13
2009-06-19,9284.0,1863.0,17913.0,69.6
2009-06-26,9363.0,1863.0,18169.0,69.16
2009-07-10,9549.0,1894.0,18846.0,59.93
2009-07-17,9203.0,1894.0,18917.0,63.56
2009-07-24,10024.0,1894.0,18713.0,66.96
2009-07-31,9287.0,1894.0,19287.0,69.26
2009-08-07,9530.0,1894.0,18702.0,70.97
2009-08-14,8113.0,1846.0,19279.0,67.51
2009-08-21,9225.0,1846.0,19473.0,73.12
2009-08-28,9576.0,1846.0,19713.0,72.72
2009-09-04,9095.0,1846.0,19522.0,67.95
2009-09-11,8903.0,1898.0,19104.0,69.34
2009-09-18,9794.0,1898.0,18476.0,71.95
2009-09-25,9533.0,1898.0,18909.0,65.91
2009-10-02,9098.0,1898.0,18733.0,69.8
2009-10-09,8731.0,1891.0,18936.0,71.75
2009-10-16,8699.0,1891.0,18669.0,78.54
2009-10-23,8890.0,1891.0,18523.0,80.11
2009-10-30,8126.0,1891.0,19144.0,77.04
2009-11-06,8656.0,1891.0,18315.0,77.4
2009-11-13,8579.0,1952.0,18506.0,76.34
2009-11-20,8950.0,1952.0,18820.0,76.83
2009-11-27,8401.0,1952.0,18323.0,75.95
2009-12-04,8137.0,1952.0,18348.0,75.41
2009-12-11,7772.0,1945.0,19572.0,69.86
2009-12-18,7707.0,1945.0,19377.0,73.3
2010-01-08,8895.0,1945.0,18637.0,82.74
2010-01-15,8540.0,1680.0,18736.0,77.96
2010-01-22,7867.0,1680.0,18884.0,74.25
2010-01-29,8426.0,1680.0,18742.0,72.85
2010-02-05,8342.0,1680.0,19261.0,71.15
2010-02-12,8548.0,1712.0,19092.0,74.11
2010-02-19,9084.0,1712.0,19283.0,79.77
2010-02-26,9236.0,1712.0,19618.0,79.72
2010-03-05,8492.0,1712.0,19653.0,81.5
2010-03-12,8428.0,1644.0,18832.0,81.26
2010-03-19,9397.0,1644.0,19336.0,80.58
2010-03-26,9060.0,1644.0,19021.0,79.75
2010-04-09,8880.0,1644.0,19012.0,84.6
2010-04-16,9613.0,1734.0,18484.0,82.97
2010-04-23,9681.0,1734.0,18428.0,84.34
2010-04-30,9951.0,1734.0,19467.0,86.07
2010-05-07,9687.0,1734.0,19320.0,75.1
2010-05-14,9829.0,1785.0,19604.0,71.61
2010-05-21,9928.0,1785.0,19714.0,68.03
2010-05-28,9455.0,1785.0,20021.0,74.0
2010-06-04,9535.0,1785.0,19316.0,71.43
2010-06-11,9699.0,1785.0,19135.0,73.89
2010-06-18,10112.0,2025.0,19498.0,77.18
2010-06-25,9481.0,2025.0,18967.0,78.45
2010-07-02,9413.0,2025.0,19599.0,72.06
2010-07-09,9281.0,2025.0,18724.0,76.08
2010-07-16,9977.0,2120.0,19281.0,75.96
2010-07-23,11153.0,2120.0,19642.0,78.68
2010-07-30,9629.0,2120.0,19302.0,78.85
2010-08-06,9441.0,2120.0,19472.0,80.67
2010-08-13,9561.0,2062.0,19415.0,75.39
2010-08-20,9881.0,2062.0,19293.0,73.45
2010-08-27,9679.0,2062.0,19590.0,75.17
2010-09-03,8885.0,2062.0,19447.0,74.52
2010-09-10,9027.0,2189.0,19216.0,76.4
2010-09-17,9322.0,2189.0,19098.0,73.63
2010-09-24,9005.0,2189.0,19754.0,74.63
2010-10-01,8926.0,2189.0,18784.0,81.57
2010-10-08,8128.0,2189.0,18714.0,82.66
2010-10-15,8600.0,2186.0,18682.0,81.23
2010-10-22,9463.0,2186.0,19366.0,81.15
2010-10-29,8578.0,2186.0,19267.0,81.45
2010-11-05,8089.0,2186.0,19609.0,86.85
2010-11-12,7864.0,2121.0,18919.0,84.89
2010-11-19,9024.0,2121.0,19010.0,81.65
2010-11-26,8446.0,2121.0,18454.0,83.87
2010-12-03,9053.0,2121.0,19936.0,89.18
2010-12-10,7690.0,2252.0,20209.0,87.81
2010-12-17,8741.0,2252.0,19981.0,88.02
2010-12-31,8446.0,2252.0,19059.0,91.38
2011-01-07,8895.0,2252.0,18958.0,88.07
2011-01-14,8999.0,2241.0,19113.0,91.53
2011-01-21,9385.0,2241.0,19035.0,88.22
2011-01-28,9014.0,2241.0,18787.0,88.15
2011-02-04,8909.0,2241.0,19157.0,87.87
2011-02-11,8266.0,2168.0,19793.0,84.39
2011-02-18,8106.0,2168.0,19664.0,85.03
2011-02-25,8010.0,2168.0,18958.0,96.52
2011-03-04,8300.0,2168.0,19669.0,104.34
2011-03-11,8681.0,2327.0,19111.0,101.14
2011-03-18,8987.0,2327.0,19310.0,101.06
2011-03-25,9128.0,2327.0,18605.0,104.89
2011-04-01,8950.0,2327.0,19183.0,107.55
2011-04-08,8571.0,2327.0,19258.0,112.27
2011-04-15,8053.0,2222.0,19274.0,109.17
2011-04-29,8877.0,2222.0,18332.0,113.39
2011-05-06,8964.0,2222.0,18164.0,96.87
2011-05-13,8570.0,2191.0,18515.0,99.21
2011-05-20,9232.0,2191.0,18916.0,99.15
2011-05-27,9518.0,2191.0,19134.0,100.58
2011-06-03,8600.0,2191.0,19222.0,100.28
2011-06-10,8638.0,2453.0,18806.0,99.3
2011-06-17,9149.0,2453.0,19037.0,93.02
2011-06-24,8878.0,2453.0,18877.0,90.89
2011-07-01,9854.0,2453.0,19232.0,94.81
2011-07-08,9000.0,2453.0,18513.0,96.2
2011-07-15,9343.0,2309.0,18853.0,97.24
2011-07-22,9840.0,2309.0,18426.0,99.53
2011-07-29,9134.0,2309.0,19641.0,95.68
2011-08-05,9100.0,2309.0,20293.0,86.89
2011-08-12,9285.0,2416.0,19414.0,85.19
2011-08-19,8808.0,2416.0,19243.0,82.33
2011-08-26,9607.0,2416.0,19562.0,85.37
2011-09-02,8537.0,2416.0,19386.0,86.45
2011-09-09,8542.0,2416.0,18654.0,87.24
2011-09-16,8351.0,2515.0,19024.0,87.96
2011-09-23,9702.0,2515.0,19083.0,79.58
2011-09-30,8700.0,2515.0,19101.0,78.93
2011-10-07,9086.0,2515.0,18737.0,82.7
2011-10-14,7921.0,2777.0,18329.0,86.8
2011-10-21,9373.0,2777.0,18884.0,87.19
2011-10-28,8954.0,2777.0,18641.0,93.32
2011-11-04,8618.0,2777.0,20037.0,94.26
2011-11-11,8565.0,2793.0,19311.0,98.99
2011-11-18,8319.0,2894.0,18585.0,97.67
2011-11-25,9061.0,2894.0,17946.0,96.91
2011-12-02,9436.0,2894.0,18308.0,100.97
2011-12-09,8322.0,2880.0,18409.0,99.4
2011-12-16,7581.0,2880.0,19324.0,93.55
2011-12-23,8990.0,2880.0,18499.0,99.72
2011-12-30,9024.0,2880.0,18023.0,98.83
2012-01-06,9907.0,2880.0,17811.0,101.56
2012-01-13,8265.0,2921.0,17902.0,98.69
2012-01-20,8853.0,2921.0,19241.0,98.15
2012-01-27,8880.0,2921.0,17704.0,99.47
2012-02-03,8413.0,2921.0,17618.0,97.8
2012-02-10,8756.0,3096.0,18655.0,98.68
2012-02-17,9091.0,3156.0,18237.0,103.27
2012-02-24,9187.0,3156.0,18256.0,109.39
2012-03-02,8712.0,3156.0,18178.0,106.68
2012-03-09,8716.0,3156.0,18571.0,107.4
2012-03-16,8224.0,2734.0,17674.0,107.03
2012-03-23,9269.0,2734.0,18204.0,106.43
2012-03-30,9774.0,2734.0,18186.0,103.03
2012-04-13,8718.0,2726.0,18863.0,102.84
2012-04-20,8766.0,2726.0,18756.0,103.58
2012-04-27,8822.0,2726.0,18544.0,104.86
2012-05-04,8967.0,2726.0,18603.0,98.49
2012-05-11,8881.0,2891.0,19013.0,96.03
2012-05-18,8583.0,2891.0,18683.0,91.51
2012-05-25,9056.0,2891.0,18320.0,90.64
2012-06-01,8957.0,2891.0,18226.0,83.17
2012-06-08,9117.0,2935.0,19405.0,84.08
2012-06-15,9445.0,2935.0,18599.0,84.03
2012-06-22,9118.0,2935.0,19064.0,79.33
2012-06-29,8774.0,2935.0,19601.0,85.04
2012-07-06,8626.0,2935.0,18535.0,84.37
2012-07-13,8937.0,2935.0,18596.0,87.15
2012-07-20,9633.0,2846.0,19076.0,91.56
2012-07-27,8406.0,2846.0,19150.0,90.13
2012-08-03,8627.0,2846.0,18946.0,91.4
2012-08-10,8717.0,2866.0,20026.0,92.94
2012-08-17,8207.0,2866.0,18747.0,96.0
2012-08-24,9495.0,2866.0,19116.0,95.78
2012-08-31,8035.0,2866.0,18942.0,96.47
2012-09-07,8565.0,2866.0,17999.0,96.41
2012-09-14,9848.0,2913.0,18334.0,98.94
2012-09-21,7595.0,2913.0,18315.0,92.64
2012-09-28,8106.0,2913.0,18720.0,92.18
2012-10-05,8221.0,2913.0,18719.0,89.87
2012-10-12,8347.0,2778.0,19519.0,91.83
2012-10-19,8823.0,2778.0,19136.0,90.0
2012-10-26,7922.0,2778.0,18326.0,85.84
2012-11-02,8011.0,2778.0,18371.0,84.9
2012-11-09,7870.0,2819.0,19346.0,86.08
2012-11-16,7768.0,2819.0,19437.0,86.62
2012-11-23,8118.0,2819.0,18969.0,87.01
2012-11-30,8230.0,2819.0,18337.0,88.54
2012-12-07,8499.0,2819.0,18825.0,85.45
2012-12-14,8399.0,2944.0,19955.0,86.32
2012-12-21,8025.0,2944.0,18857.0,88.2
2012-12-28,7094.0,2944.0,18894.0,90.66
2013-01-04,8342.0,2944.0,17755.0,93.12
2013-01-11,8030.0,2944.0,17954.0,93.6
2013-01-18,7730.0,3091.0,18645.0,95.61
2013-01-25,8068.0,3091.0,18681.0,95.15
2013-02-01,7569.0,3091.0,18052.0,97.46
2013-02-08,7513.0,3091.0,19048.0,95.71
2013-02-15,7689.0,3091.0,18412.0,95.95
2013-02-22,7958.0,3283.0,18680.0,93.12
2013-03-01,7308.0,3283.0,18296.0,90.71
2013-03-08,7535.0,3283.0,18597.0,92.01
2013-03-15,7317.0,2894.0,17765.0,93.49
2013-03-22,8158.0,2894.0,18873.0,93.41
2013-04-05,7720.0,2894.0,18121.0,92.76
2013-04-12,7431.0,2894.0,18461.0,91.23
2013-04-19,7564.0,2893.0,18610.0,88.04
2013-04-26,8166.0,2893.0,17937.0,92.63
2013-05-03,7606.0,2893.0,19100.0,95.25
2013-05-10,7623.0,2893.0,18516.0,95.81
2013-05-17,8130.0,2730.0,18846.0,95.72
2013-05-24,7817.0,2730.0,18286.0,93.84
2013-05-31,7268.0,2730.0,18779.0,91.93
2013-06-07,7850.0,2730.0,17923.0,96.11
2013-06-14,8436.0,2730.0,18419.0,97.83
2013-06-21,8298.0,2857.0,18967.0,93.81
2013-06-28,7407.0,2857.0,20392.0,96.36
2013-07-05,7525.0,2857.0,19239.0,103.09
2013-07-12,7705.0,2857.0,19467.0,105.85
2013-07-19,8032.0,2955.0,19787.0,108.0
2013-07-26,8168.0,2955.0,19664.0,104.76
2013-08-02,7914.0,2955.0,19688.0,106.94
2013-08-09,7917.0,2955.0,19088.0,106.04
2013-08-16,7951.0,3245.0,19337.0,107.58
2013-08-23,8374.0,3245.0,19449.0,106.48
2013-08-30,8255.0,3245.0,18911.0,107.98
2013-09-06,8017.0,3245.0,18360.0,110.62
2013-09-13,7578.0,3245.0,19820.0,108.31
2013-09-20,7925.0,3428.0,19261.0,104.7
2013-09-27,8363.0,3428.0,18681.0,102.86
2013-10-04,8043.0,3428.0,19044.0,103.83
2013-10-11,8004.0,3428.0,18990.0,102.17
2013-10-18,7656.0,3428.0,18269.0,100.87
2013-10-25,7459.0,3379.0,20136.0,97.4
2013-11-01,7224.0,3379.0,20223.0,94.56
2013-11-08,7844.0,3379.0,20297.0,94.56
2013-11-15,7863.0,3379.0,20438.0,93.8
2013-11-22,7718.0,3443.0,19635.0,94.53
2013-11-29,7809.0,3443.0,19973.0,92.55
2013-12-06,6862.0,3443.0,18554.0,97.48
2013-12-13,7732.0,3443.0,20996.0,96.27
2013-12-20,7535.0,3641.0,20484.0,99.11
2013-12-27,7495.0,3641.0,19004.0,99.94
2014-01-03,7961.0,3641.0,18222.0,93.66
2014-01-10,6889.0,3641.0,18858.0,92.39
2014-01-17,7544.0,3641.0,18959.0,93.96
2014-01-24,8048.0,3722.0,20047.0,96.66
2014-01-31,6887.0,3722.0,19110.0,97.55
2014-02-07,7929.0,3722.0,18541.0,99.98
2014-02-14,7421.0,3722.0,18709.0,100.31
2014-02-21,7037.0,3813.0,18283.0,102.53
2014-02-28,7112.0,3813.0,18291.0,102.88
2014-03-07,7311.0,3813.0,19027.0,102.82
2014-03-14,7309.0,3813.0,18783.0,99.23
2014-03-21,7617.0,3813.0,18257.0,99.97
2014-03-28,6831.0,3609.0,18199.0,101.73
2014-04-04,7312.0,3609.0,18289.0,101.16
2014-04-11,8271.0,3609.0,18412.0,103.68
2014-04-25,7483.0,3075.0,18849.0,100.85
2014-05-02,6885.0,3075.0,18552.0,100.09
2014-05-09,7127.0,3075.0,19447.0,100.32
2014-05-16,6469.0,3075.0,18855.0,102.31
2014-05-23,7809.0,3153.0,19563.0,105.01
2014-05-30,7123.0,3153.0,18586.0,103.4
2014-06-06,7146.0,3153.0,18025.0,103.32
2014-06-13,7234.0,3153.0,18557.0,107.49
2014-06-20,7341.0,3392.0,18807.0,107.95
2014-06-27,7265.0,3392.0,19433.0,106.46
2014-07-11,7427.0,3392.0,19277.0,101.48
2014-07-18,7407.0,3392.0,19311.0,103.83
2014-07-25,7744.0,3807.0,19607.0,105.23
2014-08-01,7563.0,3807.0,20335.0,97.86
2014-08-08,7846.0,3807.0,19825.0,97.61
2014-08-15,7459.0,3807.0,19885.0,97.3
2014-08-22,7633.0,3721.0,19183.0,93.61
2014-08-29,7675.0,3721.0,19955.0,97.86
2014-09-05,7621.0,3721.0,18596.0,93.32
2014-09-12,8114.0,3721.0,19749.0,92.18
2014-09-19,6870.0,3721.0,19177.0,92.43
2014-09-26,7284.0,3974.0,19400.0,95.55
2014-10-03,7712.0,3974.0,19019.0,89.76
2014-10-10,7740.0,3974.0,19595.0,85.87
2014-10-17,7477.0,3974.0,18645.0,82.8
2014-10-24,7101.0,4018.0,20061.0,81.27
2014-10-31,6675.0,4018.0,19607.0,80.53
2014-11-07,6877.0,4018.0,19844.0,78.71
2014-11-14,7638.0,4018.0,19702.0,75.91
2014-11-21,7473.0,3778.0,20480.0,76.52
2014-11-28,7303.0,3778.0,19831.0,65.94
2014-12-05,7668.0,3778.0,19454.0,65.89
2014-12-12,7104.0,3778.0,20465.0,57.81
2014-12-19,8292.0,3759.0,21037.0,56.91
2014-12-26,7061.0,3759.0,19939.0,54.59
2015-01-02,6856.0,3759.0,19344.0,52.72
2015-01-09,7492.0,3759.0,19224.0,48.35
2015-01-16,7218.0,3759.0,20204.0,48.49
2015-01-23,7422.0,4092.0,20508.0,45.26
2015-01-30,7387.0,4092.0,18635.0,47.79
2015-02-06,7286.0,4092.0,19655.0,51.66
2015-02-13,7105.0,4092.0,20387.0,52.66
2015-02-20,7279.0,4427.0,19776.0,49.95
2015-02-27,7368.0,4427.0,19654.0,49.84
2015-03-06,6793.0,4427.0,18609.0,49.61
2015-03-13,7496.0,4427.0,19518.0,44.88
2015-03-20,7392.0,4260.0,18700.0,46.0
2015-03-27,7348.0,4260.0,19475.0,48.83
2015-04-10,7148.0,4260.0,18995.0,51.63
2015-04-17,7765.0,4260.0,19139.0,55.71
2015-04-24,7446.0,3983.0,19576.0,55.98
2015-05-01,6541.0,3983.0,18196.0,59.1
2015-05-08,6881.0,3983.0,20651.0,59.41
2015-05-15,7199.0,3983.0,20235.0,59.73
2015-05-22,6696.0,3794.0,19980.0,58.88
2015-05-29,7373.0,3794.0,18878.0,60.25
2015-06-05,6623.0,3794.0,19783.0,59.11
2015-06-12,7067.0,3794.0,19971.0,59.96
2015-06-19,6765.0,4312.0,20682.0,59.62
2015-06-26,7513.0,4312.0,19730.0,59.41
2015-07-10,7354.0,4312.0,19864.0,52.74
2015-07-17,7941.0,4312.0,21021.0,50.88
2015-07-24,7545.0,4312.0,20246.0,47.98
2015-07-31,7180.0,4460.0,20221.0,47.11
2015-08-07,7573.0,4460.0,20094.0,43.87
2015-08-14,8038.0,4460.0,21397.0,42.45
2015-08-21,7199.0,4172.0,19423.0,40.45
2015-08-28,7855.0,4172.0,20252.0,45.29
2015-09-04,7459.0,4172.0,19795.0,46.02
2015-09-11,7189.0,4172.0,18543.0,44.75
2015-09-18,7176.0,4172.0,20141.0,44.71
2015-09-25,7554.0,4561.0,19592.0,45.55
2015-10-02,7068.0,4561.0,18875.0,45.54
2015-10-09,7315.0,4561.0,19473.0,49.67
2015-10-16,7471.0,4561.0,19477.0,47.3
2015-10-23,7032.0,4197.0,20303.0,43.91
2015-10-30,6943.0,4197.0,19477.0,46.6
2015-11-06,7377.0,4197.0,19809.0,44.32
2015-11-13,6968.0,4197.0,19465.0,40.69
2015-11-20,7333.0,4598.0,19427.0,39.39
2015-11-27,7747.0,4598.0,19866.0,40.57
2015-12-04,8021.0,4598.0,20270.0,40.0
2015-12-11,8312.0,4598.0,20237.0,35.65
2015-12-18,7326.0,4343.0,19785.0,34.72
2016-01-08,8188.0,4343.0,18540.0,33.2
2016-01-15,7779.0,4343.0,19976.0,29.45
2016-01-22,7609.0,4364.0,21101.0,32.07
2016-01-29,8256.0,4364.0,19156.0,33.66
2016-02-05,7124.0,4364.0,19022.0,30.86
2016-02-12,7919.0,4364.0,19742.0,29.32
2016-02-19,7802.0,4364.0,20668.0,29.59
2016-02-26,8292.0,4772.0,19199.0,31.65
2016-03-04,8048.0,4772.0,19864.0,35.91
2016-03-11,7693.0,4772.0,19260.0,38.51
2016-03-18,8384.0,4772.0,19403.0,39.47
2016-04-01,7254.0,4023.0,19868.0,35.36
2016-04-08,7940.0,4023.0,19987.0,39.74
2016-04-15,8187.0,4023.0,20228.0,40.4
2016-04-22,7550.0,3998.0,19828.0,42.76
2016-04-29,7660.0,3998.0,20242.0,45.98
2016-05-06,7655.0,3998.0,19952.0,44.58
2016-05-13,7677.0,3998.0,20775.0,46.22
2016-05-20,7315.0,3998.0,20438.0,47.67
2016-05-27,7839.0,4218.0,20355.0,49.36
2016-06-03,7705.0,4218.0,19779.0,48.69
2016-06-10,7622.0,4218.0,20840.0,49.09
2016-06-17,8439.0,4218.0,20010.0,48.0
2016-06-24,7555.0,4492.0,21149.0,46.7
2016-07-01,8363.0,4492.0,20050.0,49.02
2016-07-08,7841.0,4492.0,19447.0,45.37
2016-07-15,8134.0,4492.0,20653.0,45.93
2016-07-22,8437.0,4578.0,20802.0,43.41
2016-07-29,8738.0,4578.0,20950.0,41.54
2016-08-05,8404.0,4578.0,20701.0,41.83
2016-08-12,8193.0,4578.0,20625.0,44.47
2016-08-19,8642.0,4578.0,20741.0,48.48
2016-08-26,8917.0,4976.0,20152.0,47.64
2016-09-02,7069.0,4066.0,21310.0,44.39
2016-09-09,8062.0,4203.0,20221.0,45.88
2016-09-16,8309.0,5736.0,19431.0,43.04
2016-09-23,7835.0,5464.0,19226.0,44.36
2016-09-30,7710.0,5290.0,20561.0,47.72
2016-10-07,7861.0,4611.0,20738.0,49.76
2016-10-14,6907.0,3946.0,19716.0,50.35
2016-10-21,7016.0,4600.0,20465.0,50.61
2016-10-28,8995.0,4598.0,19884.0,48.72
2016-11-04,7442.0,4890.0,20191.0,44.07
2016-11-11,8423.0,5239.0,19349.0,43.39
2016-11-18,7578.0,4812.0,20034.0,45.69
2016-11-25,7548.0,5082.0,19758.0,46.72
2016-12-02,8303.0,5266.0,19102.0,51.7
2016-12-09,7360.0,5744.0,18879.0,51.51
2016-12-16,8471.0,5431.0,21409.0,51.93
2016-12-23,8167.0,6494.0,20159.0,52.01
2016-12-30,7183.0,5672.0,17925.0,53.75
2017-01-06,9052.0,5946.0,18606.0,53.98
2017-01-13,8378.0,5314.0,20702.0,52.36
2017-01-20,7810.0,5540.0,18639.0,52.33
2017-01-27,8290.0,5289.0,19307.0,53.18
2017-02-03,9372.0,5948.0,20814.0,53.81
2017-02-10,8491.0,5533.0,18663.0,53.84
2017-02-17,7286.0,5898.0,20360.0,53.41
2017-02-24,7589.0,5335.0,19496.0,53.99
2017-03-03,8150.0,6224.0,19900.0,53.33
2017-03-10,7405.0,5685.0,19464.0,48.05
2017-03-17,8307.0,5334.0,19255.0,48.34
2017-03-24,8224.0,6210.0,19874.0,47.3
2017-03-31,7850.0,5310.0,19703.0,50.54
2017-04-07,7878.0,5033.0,19879.0,52.25
2017-04-21,8912.0,5979.0,19110.0,49.64
2017-04-28,8264.0,5275.0,19894.0,49.31
2017-05-05,7620.0,5275.0,20545.0,46.23
2017-05-12,8590.0,6005.0,19484.0,47.83
2017-05-19,8294.0,5267.0,20795.0,50.32
2017-05-26,7985.0,6233.0,20757.0,49.58
2017-06-02,8341.0,5117.0,19340.0,47.68
2017-06-09,8025.0,5170.0,19514.0,45.82
2017-06-16,7876.0,4897.0,21067.0,44.73
2017-06-23,8016.0,5599.0,19646.0,42.86
2017-06-30,7742.0,5116.0,22225.0,46.02
2017-07-07,7610.0,5620.0,19958.0,44.25
2017-07-14,7996.0,5537.0,21178.0,46.53
2017-07-21,8044.0,5540.0,21289.0,45.78
2017-07-28,8253.0,5079.0,20591.0,49.72
2017-08-04,7762.0,4890.0,21929.0,49.57
2017-08-11,8126.0,5633.0,20959.0,48.81
2017-08-18,8790.0,5339.0,20678.0,48.59
2017-08-25,7905.0,5411.0,21430.0,47.65
2017-09-01,7083.0,2180.0,19957.0,47.32
2017-09-08,6480.0,3735.0,19715.0,47.44
2017-09-15,7368.0,5417.0,20443.0,49.9
2017-09-22,7427.0,6085.0,21100.0,50.33
2017-09-29,7214.0,7023.0,19714.0,51.67
2017-10-06,7617.0,5945.0,19716.0,49.34
2017-10-13,7483.0,6846.0,19142.0,51.43
2017-10-20,8123.0,7663.0,20010.0,51.63
2017-10-27,7571.0,7678.0,19184.0,53.92
2017-11-03,7377.0,5854.0,21301.0,55.63
2017-11-10,7898.0,6142.0,19755.0,56.75
2017-11-17,7873.0,7012.0,19289.0,56.21
2017-11-24,7329.0,7328.0,19664.0,58.94
2017-12-01,7202.0,6399.0,19948.0,58.35
2017-12-08,7363.0,5632.0,20471.0,57.15
2017-12-15,7834.0,7553.0,21111.0,57.29
2017-12-22,7993.0,6797.0,20775.0,58.25
2017-12-29,7966.0,5945.0,19947.0,60.46
2018-01-05,7658.0,6145.0,20639.0,61.49
2018-01-12,7950.0,6356.0,20809.0,64.22
2018-01-19,8041.0,6213.0,20636.0,63.38
2018-01-26,8430.0,6649.0,21003.0,66.27
2018-02-02,7892.0,5722.0,20843.0,65.5
2018-02-09,7888.0,6274.0,20284.0,59.2
2018-02-16,7021.0,6752.0,20454.0,61.89
2018-02-23,7282.0,5669.0,19872.0,63.52
2018-03-02,8003.0,6403.0,20470.0,61.19
2018-03-09,7585.0,6649.0,20931.0,62.02
2018-03-16,7077.0,6566.0,20675.0,62.29
2018-03-23,8148.0,6491.0,20917.0,65.8
2018-04-06,8650.0,6229.0,19812.0,62.03
2018-04-13,7930.0,6725.0,21434.0,67.35
2018-04-20,8469.0,8332.0,19000.0,68.26
2018-04-27,8549.0,7158.0,20164.0,68.11
2018-05-04,7323.0,6692.0,20548.0,69.71
2018-05-11,7601.0,7205.0,20527.0,70.69
2018-05-18,8159.0,6881.0,20653.0,71.23
2018-05-25,7631.0,6822.0,20887.0,67.92
2018-06-01,8346.0,7031.0,18456.0,65.81
2018-06-08,8099.0,6712.0,21801.0,65.77
2018-06-15,8242.0,7597.0,20228.0,65.01
2018-06-22,8356.0,8544.0,20295.0,69.02
2018-06-29,9055.0,7476.0,21272.0,74.13
2018-07-06,7431.0,7654.0,19908.0,73.78
2018-07-13,9066.0,6203.0,21302.0,71.03
2018-07-20,7770.0,8051.0,21700.0,70.31
2018-07-27,7749.0,6338.0,20570.0,68.66
2018-08-03,7931.0,7052.0,20928.0,68.49
2018-08-10,9014.0,6869.0,20187.0,67.61
2018-08-17,7518.0,6528.0,21541.0,65.93
2018-08-24,7485.0,6626.0,22137.0,69.71
2018-08-31,7714.0,5569.0,21663.0,69.84
2018-09-07,7591.0,6688.0,20570.0,67.73
2018-09-14,8024.0,7590.0,21134.0,68.98
2018-09-21,7802.0,7837.0,19999.0,70.8
2018-09-28,7965.0,7398.0,20174.0,73.16
2018-10-05,7397.0,7475.0,19823.0,74.26
2018-10-12,7615.0,7554.0,19960.0,71.41
2018-10-19,7678.0,7528.0,21491.0,69.16
2018-10-26,7344.0,7839.0,20997.0,67.58
2018-11-02,7539.0,7337.0,20386.0,63.12
2018-11-09,7452.0,6455.0,22387.0,60.19
2018-11-16,7554.0,7171.0,21264.0,56.49
2018-11-30,7219.0,9049.0,20530.0,50.78
2018-12-07,7393.0,7814.0,21481.0,52.76
2018-12-14,7423.0,7777.0,22329.0,51.26
2018-12-21,7656.0,8856.0,20741.0,45.38
2018-12-28,7392.0,7616.0,19056.0,45.15
2019-01-04,7846.0,6937.0,19764.0,47.76
2019-01-11,7527.0,7685.0,20864.0,51.44
2019-01-18,8191.0,6954.0,21460.0,53.6
2019-01-25,7083.0,6998.0,20815.0,53.53
2019-02-01,7146.0,8022.0,21838.0,55.29
2019-02-08,6210.0,7541.0,19114.0,52.75
2019-02-15,7522.0,8330.0,20720.0,55.58
2019-02-22,5917.0,8164.0,21470.0,57.01
2019-03-01,7001.0,8272.0,20490.0,55.76
2019-03-08,6746.0,7785.0,20808.0,55.77
2019-03-15,6932.0,7589.0,21492.0,58.51
2019-03-22,6540.0,8084.0,20130.0,58.87
2019-03-29,6763.0,7594.0,19998.0,60.19
2019-04-05,6599.0,7545.0,20316.0,63.1
2019-04-12,5992.0,7716.0,19893.0,63.86
2019-04-26,7414.0,7767.0,20152.0,63.29
2019-05-03,6693.0,7548.0,20408.0,61.98
2019-05-10,7612.0,8562.0,19477.0,61.65
2019-05-17,6943.0,8067.0,19661.0,62.77
2019-05-24,6862.0,8563.0,21458.0,58.4
2019-05-31,7927.0,8344.0,19449.0,53.49
2019-06-07,7611.0,7852.0,21123.0,53.95
2019-06-14,7467.0,8831.0,20807.0,52.47
2019-06-21,6656.0,9377.0,20876.0,57.35
2019-06-28,7585.0,7925.0,20770.0,58.2
2019-07-12,6832.0,7058.0,20306.0,59.99
2019-07-19,7028.0,7994.0,21583.0,55.42
2019-07-26,6663.0,8401.0,21296.0,56.04
2019-08-02,7148.0,6919.0,21481.0,55.67
2019-08-09,7714.0,7736.0,22078.0,54.41
2019-08-16,7218.0,8088.0,20987.0,54.83
