Date,Imports,Exports,Consumption,Price,Stockpiles
2004-04-16,9676.0,967.0,20051.0,37.7,12512.0
2004-04-23,10469.0,967.0,19553.0,37.22,12905.0
2004-04-30,9791.0,967.0,18932.0,37.31,12731.0
2004-05-07,9926.0,975.0,20706.0,39.98,13631.0
2004-05-14,9939.0,964.0,20606.0,41.42,14358.0
2004-05-21,10493.0,957.0,20440.0,39.83,15378.0
2004-05-28,10703.0,957.0,20240.0,39.9,15971.0
2004-06-04,10483.0,946.0,20618.0,38.44,16521.0
2004-06-18,10188.0,946.0,20598.0,38.68,13709.0
2004-06-25,10591.0,959.0,20700.0,37.34,11810.0
2004-07-02,10138.0,936.0,20222.0,38.37,15297.0
2004-07-09,10054.0,936.0,20316.0,39.9,16361.0
2004-07-16,9901.0,936.0,19678.0,41.1,15949.0
2004-07-23,11324.0,936.0,20682.0,41.82,16577.0
2004-07-30,10351.0,983.0,20689.0,43.72,15236.0
2004-08-06,9524.0,994.0,20767.0,43.95,14767.0
2004-08-13,10407.0,994.0,20477.0,46.61,14215.0
2004-08-20,10549.0,991.0,20863.0,47.6,14512.0
2004-08-27,10280.0,991.0,20699.0,43.11,14395.0
2004-09-03,10711.0,991.0,20926.0,43.94,15896.0
2004-09-10,9914.0,991.0,20350.0,42.84,14266.0
2004-09-17,8426.0,993.0,20209.0,45.63,13968.0
2004-09-24,9886.0,969.0,19888.0,48.86,14094.0
2004-10-01,10180.0,969.0,20299.0,50.16,13981.0
2004-10-08,10054.0,1045.0,20438.0,53.4,14148.0
2004-10-15,10097.0,1045.0,20601.0,54.89,14561.0
2004-10-22,10317.0,1038.0,20308.0,55.83,15176.0
2004-10-29,10676.0,1038.0,20216.0,51.78,14626.0
2004-11-05,10495.0,1004.0,20475.0,49.65,16281.0
2004-11-12,10229.0,1004.0,21403.0,47.3,13013.0
2004-11-19,10189.0,965.0,20404.0,48.9,16038.0
2004-12-03,10864.0,924.0,20526.0,42.56,16141.0
2004-12-10,10366.0,977.0,20928.0,40.71,16356.0
2004-12-17,10545.0,983.0,20782.0,46.31,16596.0
2005-01-07,9973.0,983.0,20466.0,45.32,15925.0
2005-01-14,10120.0,983.0,20210.0,48.41,16548.0
2005-01-21,10458.0,983.0,21225.0,48.31,16912.0
2005-01-28,9886.0,983.0,20957.0,47.15,17480.0
2005-02-04,9914.0,989.0,21064.0,46.45,17460.0
2005-02-11,10434.0,989.0,21007.0,47.15,17495.0
2005-02-18,9643.0,1085.0,20597.0,48.45,17811.0
2005-02-25,10065.0,1035.0,20730.0,52.2,18186.0
2005-03-04,10099.0,1019.0,20291.0,53.7,19042.0
2005-03-11,10041.0,1012.0,21263.0,54.4,19154.0
2005-03-18,10270.0,1012.0,20851.0,56.8,20214.0
2005-04-01,9890.0,996.0,20213.0,57.26,21149.0
2005-04-08,9863.0,941.0,20195.0,53.46,21927.0
2005-04-15,9718.0,941.0,20559.0,50.61,22234.0
2005-04-22,10863.0,966.0,20380.0,54.16,22780.0
2005-04-29,10259.0,1019.0,20402.0,49.2,22529.0
2005-05-06,9992.0,1012.0,20385.0,51.3,21952.0
2005-05-13,10859.0,1048.0,20273.0,48.65,22047.0
2005-05-20,10311.0,1098.0,20584.0,47.25,20540.0
2005-05-27,10698.0,1139.0,20433.0,51.65,20417.0
2005-06-03,10220.0,1157.0,20592.0,55.08,19965.0
2005-06-10,10617.0,1157.0,20998.0,53.55,20141.0
2005-06-17,10177.0,1157.0,20471.0,58.4,19771.0
2005-06-24,10971.0,1157.0,20169.0,59.63,19296.0
2005-07-01,10219.0,1138.0,21497.0,59.11,18585.0
2005-07-08,9954.0,1095.0,20656.0,59.71,18848.0
2005-07-15,10825.0,1095.0,20404.0,58.36,18605.0
2005-07-22,9940.0,1095.0,20972.0,57.75,18760.0
2005-07-29,10956.0,1130.0,20854.0,60.71,19334.0
2005-08-05,11057.0,1123.0,21575.0,62.44,18624.0
2005-08-12,10305.0,1190.0,21352.0,66.71,18761.0
2005-08-19,10577.0,1210.0,21499.0,65.51,17836.0
2005-08-26,10463.0,1155.0,21592.0,66.05,17984.0
2005-09-02,9531.0,1155.0,20871.0,66.91,16640.0
2005-09-09,9128.0,1099.0,19952.0,64.21,16087.0
2005-09-16,9832.0,1099.0,20381.0,62.91,16064.0
2005-09-23,9693.0,1099.0,19672.0,64.67,17222.0
2005-09-30,8119.0,942.0,19755.0,66.21,15523.0
2005-10-07,8619.0,934.0,20246.0,61.81,14700.0
2005-10-14,9207.0,844.0,20404.0,62.61,14619.0
2005-10-21,9957.0,844.0,20837.0,61.05,15010.0
2005-10-28,10060.0,844.0,20435.0,61.3,15603.0
2005-11-04,10584.0,847.0,20174.0,60.6,16448.0
2005-11-11,9700.0,848.0,20705.0,57.45,17147.0
2005-11-18,10219.0,848.0,20655.0,56.3,16876.0
2005-12-02,10579.0,907.0,20535.0,59.31,17734.0
2005-12-09,10429.0,893.0,21642.0,59.41,21355.0
2005-12-16,9859.0,893.0,22156.0,58.01,21242.0
2005-12-23,10189.0,893.0,21878.0,58.08,22116.0
2005-12-30,10058.0,874.0,20801.0,61.06,21894.0
2006-01-06,9870.0,889.0,20772.0,64.21,21635.0
2006-01-13,9846.0,889.0,20805.0,63.86,21759.0
2006-01-20,9257.0,889.0,19834.0,68.16,21386.0
2006-01-27,9596.0,944.0,20220.0,67.81,21118.0
2006-02-03,9860.0,944.0,19803.0,65.41,21087.0
2006-02-10,10264.0,944.0,21020.0,62.01,21267.0
2006-02-17,9959.0,944.0,21088.0,59.76,22439.0
2006-02-24,9878.0,944.0,20889.0,61.46,22244.0
2006-03-03,10145.0,1038.0,19880.0,63.61,23528.0
2006-03-10,9940.0,1038.0,20897.0,59.91,24022.0
2006-03-17,9331.0,1038.0,20621.0,62.81,23899.0
2006-03-24,10100.0,1038.0,20604.0,63.9,25300.0
2006-03-31,9953.0,1082.0,20532.0,66.25,24943.0
2006-04-07,9539.0,1093.0,20738.0,67.02,24472.0
2006-04-21,9864.0,1093.0,20734.0,73.73,25055.0
2006-04-28,9811.0,1043.0,20111.0,71.8,24999.0
2006-05-05,10007.0,1110.0,21200.0,70.09,25121.0
2006-05-12,10383.0,1110.0,20953.0,71.87,24429.0
2006-05-19,9557.0,1110.0,20976.0,68.44,23157.0
2006-05-26,10842.0,1110.0,21272.0,71.35,22569.0
2006-06-02,10881.0,1141.0,20603.0,72.73,23236.0
2006-06-09,10547.0,1141.0,20701.0,71.62,22527.0
2006-06-16,10994.0,1141.0,20971.0,69.75,23642.0
2006-06-23,10546.0,1141.0,20877.0,70.5,24127.0
2006-06-30,10539.0,1234.0,20881.0,73.94,24920.0
2006-07-07,9619.0,1240.0,20563.0,73.76,25003.0
2006-07-14,10701.0,1240.0,20445.0,76.8,24529.0
2006-07-21,10507.0,1240.0,20909.0,73.52,25361.0
2006-07-28,10431.0,1240.0,21113.0,73.3,25591.0
2006-08-04,10165.0,1133.0,21283.0,74.78,24796.0
2006-08-11,10022.0,1133.0,21032.0,74.38,25069.0
2006-08-18,10197.0,1133.0,21454.0,70.93,24527.0
2006-08-25,11153.0,1133.0,21294.0,72.13,24321.0
2006-09-01,10365.0,1271.0,21173.0,69.24,25076.0
2006-09-08,10597.0,1189.0,20953.0,66.3,23550.0
2006-09-15,10592.0,1189.0,20760.0,63.3,22258.0
2006-09-22,11083.0,1189.0,20705.0,59.79,22264.0
2006-09-29,10513.0,1289.0,20228.0,62.9,22564.0
2006-10-06,10364.0,1188.0,20938.0,59.68,22746.0
2006-10-13,10430.0,1288.0,21441.0,58.69,22277.0
2006-10-20,9494.0,1288.0,21502.0,57.35,21989.0
2006-10-27,10093.0,1288.0,21484.0,60.75,23226.0
2006-11-03,9787.0,1325.0,21076.0,59.13,23557.0
2006-11-10,9450.0,1325.0,21317.0,59.66,23742.0
2006-11-17,10490.0,1325.0,20331.0,55.9,24859.0
2006-12-01,10299.0,1296.0,21116.0,63.43,26792.0
2006-12-08,9598.0,1283.0,21349.0,62.06,26562.0
2006-12-15,8902.0,1283.0,20918.0,63.4,25913.0
2006-12-22,9129.0,1283.0,20781.0,61.81,25073.0
2006-12-29,10126.0,1283.0,20368.0,60.85,26057.0
2007-01-05,9505.0,1244.0,19562.0,56.29,25461.0
2007-01-12,11057.0,1244.0,20201.0,52.96,24295.0
2007-01-19,9808.0,1244.0,20369.0,51.98,23758.0
2007-01-26,9967.0,1244.0,20869.0,55.38,22482.0
2007-02-02,9547.0,1244.0,21637.0,59.01,21500.0
2007-02-09,9584.0,1249.0,21815.0,59.86,21234.0
2007-02-16,9742.0,1249.0,22037.0,59.38,22999.0
2007-02-23,9522.0,1249.0,21698.0,60.28,22065.0
2007-03-02,8872.0,1206.0,21273.0,61.58,21728.0
2007-03-09,9802.0,1206.0,21003.0,60.06,22311.0
2007-03-16,10418.0,1206.0,21344.0,57.06,24071.0
2007-03-23,9632.0,1206.0,20807.0,61.07,23859.0
2007-03-30,10245.0,1206.0,20747.0,65.94,26739.0
2007-04-13,9919.0,1221.0,20825.0,63.63,28015.0
2007-04-20,10035.0,1221.0,21076.0,63.56,26838.0
2007-04-27,10264.0,1221.0,20796.0,66.45,27114.0
2007-05-04,10991.0,1221.0,20795.0,61.89,27722.0
2007-05-11,10332.0,1202.0,20831.0,62.35,26458.0
2007-05-18,10892.0,1202.0,20786.0,64.93,27357.0
2007-05-25,10018.0,1202.0,21235.0,64.59,26727.0
2007-06-01,10240.0,1247.0,20972.0,65.09,26157.0
2007-06-08,10141.0,1257.0,21062.0,64.78,26026.0
2007-06-15,10791.0,1257.0,20517.0,68.04,25542.0
2007-06-22,10501.0,1257.0,21087.0,68.85,24085.0
2007-06-29,10778.0,1241.0,20616.0,70.47,23695.0
2007-07-06,10025.0,1191.0,21069.0,72.8,22813.0
2007-07-13,10375.0,1191.0,21008.0,73.89,22621.0
2007-07-20,10378.0,1191.0,21006.0,75.53,21239.0
2007-07-27,10165.0,1191.0,20900.0,77.03,20747.0
2007-08-03,9998.0,1229.0,21090.0,75.41,19268.0
2007-08-10,9873.0,1229.0,21139.0,71.49,18436.0
2007-08-17,10815.0,1229.0,21305.0,71.9,18702.0
2007-08-24,9822.0,1229.0,21260.0,71.17,18677.0
2007-08-31,10237.0,1180.0,21422.0,73.98,20531.0
2007-09-07,9563.0,1190.0,20449.0,76.7,20017.0
2007-09-14,9805.0,1190.0,20559.0,79.14,18337.0
2007-09-21,10442.0,1190.0,20184.0,83.38,18128.0
2007-09-28,10253.0,1190.0,20640.0,81.64,18393.0
2007-10-05,9869.0,1224.0,20792.0,81.2,18592.0
2007-10-12,10408.0,1224.0,21024.0,83.73,18417.0
2007-10-19,9103.0,1224.0,20660.0,88.58,18160.0
2007-10-26,9381.0,1224.0,20412.0,91.73,15050.0
2007-11-02,9656.0,1272.0,20661.0,95.81,13410.0
2007-11-09,10487.0,1272.0,20627.0,96.36,13421.0
2007-11-16,9820.0,1272.0,21350.0,94.81,14564.0
2007-11-23,10354.0,1272.0,20863.0,98.24,15229.0
2007-11-30,9374.0,1272.0,20795.0,88.6,15900.0
2007-12-07,10063.0,1251.0,20977.0,88.23,17315.0
2007-12-14,9111.0,1251.0,21050.0,91.31,17430.0
2007-12-21,9805.0,1251.0,21535.0,93.19,17496.0
2007-12-28,10009.0,1251.0,21349.0,96.03,17501.0
2008-01-04,9806.0,1251.0,21288.0,97.9,17735.0
2008-01-11,10389.0,1238.0,20469.0,92.74,16521.0
2008-01-18,10156.0,1238.0,20749.0,90.55,15653.0
2008-01-25,10056.0,1238.0,20785.0,90.37,15755.0
2008-02-01,10514.0,1355.0,20490.0,89.03,16455.0
2008-02-08,9737.0,1344.0,20118.0,91.77,17156.0
2008-02-15,10102.0,1344.0,21311.0,95.57,16678.0
2008-02-22,9958.0,1344.0,20407.0,99.03,16918.0
2008-02-29,9437.0,1344.0,20383.0,101.78,16094.0
2008-03-07,10548.0,1282.0,20081.0,105.12,18877.0
2008-03-14,9468.0,1282.0,20164.0,110.03,17481.0
2008-03-28,10283.0,1282.0,20402.0,105.59,17456.0
2008-04-04,8912.0,1349.0,20769.0,106.09,17523.0
2008-04-11,8879.0,1349.0,20591.0,110.14,18383.0
2008-04-18,10041.0,1349.0,21116.0,116.56,19149.0
2008-04-25,10215.0,1349.0,20241.0,119.64,19297.0
2008-05-02,10628.0,1435.0,20496.0,116.36,20212.0
2008-05-09,9933.0,1435.0,20274.0,125.94,20412.0
2008-05-16,9237.0,1435.0,20347.0,126.5,20587.0
2008-05-23,8959.0,1435.0,20807.0,131.58,21333.0
2008-05-30,9786.0,1529.0,20153.0,127.35,21777.0
2008-06-06,9688.0,1444.0,20243.0,138.51,21251.0
2008-06-13,10259.0,1444.0,20456.0,134.84,20638.0
2008-06-20,10251.0,1444.0,20079.0,134.78,20697.0
2008-06-27,10168.0,1444.0,20590.0,139.69,20870.0
2008-07-11,10791.0,1451.0,20198.0,144.96,19885.0
2008-07-18,9806.0,1451.0,19903.0,128.94,19521.0
2008-07-25,10005.0,1451.0,20204.0,122.59,18800.0
2008-08-01,10193.0,1544.0,20215.0,125.03,18707.0
2008-08-08,9655.0,1501.0,20372.0,115.42,18468.0
2008-08-15,10991.0,1501.0,20106.0,113.46,18006.0
2008-08-22,9979.0,1501.0,20133.0,114.48,17289.0
2008-08-29,9830.0,1363.0,20555.0,115.55,18094.0
2008-09-05,8581.0,1331.0,19784.0,106.47,17653.0
2008-09-12,8510.0,1331.0,19049.0,101.19,16054.0
2008-09-19,7143.0,1331.0,18784.0,104.05,15253.0
2008-09-26,8989.0,1331.0,18465.0,106.77,14495.0
2008-10-03,10346.0,1511.0,18341.0,93.91,14383.0
2008-10-10,10161.0,1511.0,18865.0,77.44,14926.0
2008-10-17,10400.0,1511.0,19193.0,71.9,15388.0
2008-10-24,10337.0,1511.0,19113.0,63.34,15729.0
2008-10-31,9972.0,1595.0,19216.0,68.1,17544.0
2008-11-07,9503.0,1572.0,19004.0,61.06,17985.0
2008-11-14,9871.0,1772.0,18972.0,57.18,18921.0
2008-11-21,10959.0,1772.0,19482.0,49.22,20509.0
2008-11-28,9504.0,1772.0,19606.0,55.21,22854.0
2008-12-05,9959.0,1395.0,19149.0,41.01,22774.0
2008-12-12,9673.0,1395.0,20192.0,46.27,27511.0
2008-12-19,9118.0,1395.0,20191.0,33.17,28684.0
2008-12-26,9249.0,1395.0,20211.0,37.58,28143.0
2009-01-02,10485.0,1395.0,19836.0,46.17,32182.0
2009-01-09,9729.0,1514.0,18640.0,40.69,32980.0
2009-01-16,9866.0,1514.0,19097.0,35.38,33197.0
2009-01-23,9708.0,1514.0,20151.0,45.12,33503.0
2009-01-30,10037.0,1514.0,20306.0,41.73,34335.0
2009-02-06,9652.0,1514.0,19662.0,40.24,34916.0
2009-02-13,8793.0,1595.0,19690.0,37.63,34864.0
2009-02-20,8769.0,1595.0,19233.0,39.35,34506.0
2009-02-27,9028.0,1595.0,19577.0,44.15,33953.0
2009-03-06,9121.0,1651.0,18892.0,45.43,33552.0
2009-03-13,9180.0,1651.0,18787.0,46.22,33920.0
2009-03-20,9384.0,1651.0,19191.0,51.55,31709.0
2009-03-27,9554.0,1651.0,18591.0,52.41,30853.0
2009-04-03,9332.0,1735.0,18867.0,52.52,29975.0
2009-04-17,9855.0,1735.0,18160.0,50.36,29542.0
2009-04-24,9824.0,1826.0,18429.0,50.65,29763.0
2009-05-01,9920.0,1826.0,18019.0,52.18,29819.0
2009-05-08,8708.0,1826.0,18168.0,58.58,28826.0
2009-05-15,8791.0,1850.0,18403.0,56.52,29620.0
2009-05-22,8778.0,1850.0,18579.0,61.15,30684.0
2009-05-29,9646.0,1850.0,17679.0,66.31,29918.0
2009-06-05,8970.0,1850.0,18725.0,68.43,28976.0
2009-06-12,9037.0,1863.0,18964.0,72.13,28971.0
2009-06-19,9284.0,1863.0,17913.0,69.6,28238.0
2009-06-26,9363.0,1863.0,18169.0,69.16,28601.0
2009-07-10,9549.0,1894.0,18846.0,59.93,30803.0
2009-07-17,9203.0,1894.0,18917.0,63.56,30811.0
2009-07-24,10024.0,1894.0,18713.0,66.96,32121.0
2009-07-31,9287.0,1894.0,19287.0,69.26,33325.0
2009-08-07,9530.0,1894.0,18702.0,70.97,33606.0
2009-08-14,8113.0,1846.0,19279.0,67.51,33264.0
2009-08-21,9225.0,1846.0,19473.0,73.12,31801.0
2009-08-28,9576.0,1846.0,19713.0,72.72,31212.0
2009-09-04,9095.0,1846.0,19522.0,67.95,31269.0
2009-09-11,8903.0,1898.0,19104.0,69.34,27591.0
2009-09-18,9794.0,1898.0,18476.0,71.95,28072.0
2009-09-25,9533.0,1898.0,18909.0,65.91,26530.0
2009-10-02,9098.0,1898.0,18733.0,69.8,25124.0
2009-10-09,8731.0,1891.0,18936.0,71.75,25541.0
2009-10-16,8699.0,1891.0,18669.0,78.54,26004.0
2009-10-23,8890.0,1891.0,18523.0,80.11,25519.0
2009-10-30,8126.0,1891.0,19144.0,77.04,25549.0
2009-11-06,8656.0,1891.0,18315.0,77.4,26969.0
2009-11-13,8579.0,1952.0,18506.0,76.34,28319.0
2009-11-20,8950.0,1952.0,18820.0,76.83,29515.0
2009-11-27,8401.0,1952.0,18323.0,75.95,30889.0
2009-12-04,8137.0,1952.0,18348.0,75.41,33353.0
2009-12-11,7772.0,1945.0,19572.0,69.86,34135.0
2009-12-18,7707.0,1945.0,19377.0,73.3,34706.0
2010-01-08,8895.0,1945.0,18637.0,82.74,34473.0
2010-01-15,8540.0,1680.0,18736.0,77.96,33725.0
2010-01-22,7867.0,1680.0,18884.0,74.25,33034.0
2010-01-29,8426.0,1680.0,18742.0,72.85,31997.0
2010-02-05,8342.0,1680.0,19261.0,71.15,31322.0
2010-02-12,8548.0,1712.0,19092.0,74.11,30612.0
2010-02-19,9084.0,1712.0,19283.0,79.77,29902.0
2010-02-26,9236.0,1712.0,19618.0,79.72,29969.0
2010-03-05,8492.0,1712.0,19653.0,81.5,30600.0
2010-03-12,8428.0,1644.0,18832.0,81.26,29919.0
2010-03-19,9397.0,1644.0,19336.0,80.58,30453.0
2010-03-26,9060.0,1644.0,19021.0,79.75,30936.0
2010-04-09,8880.0,1644.0,19012.0,84.6,32257.0
2010-04-16,9613.0,1734.0,18484.0,82.97,34111.0
2010-04-23,9681.0,1734.0,18428.0,84.34,34565.0
2010-04-30,9951.0,1734.0,19467.0,86.07,36244.0
2010-05-07,9687.0,1734.0,19320.0,75.1,37028.0
2010-05-14,9829.0,1785.0,19604.0,71.61,37945.0
2010-05-21,9928.0,1785.0,19714.0,68.03,37621.0
2010-05-28,9455.0,1785.0,20021.0,74.0,37889.0
2010-06-04,9535.0,1785.0,19316.0,71.43,37416.0
2010-06-11,9699.0,1785.0,19135.0,73.89,37610.0
2010-06-18,10112.0,2025.0,19498.0,77.18,36784.0
2010-06-25,9481.0,2025.0,18967.0,78.45,35989.0
2010-07-02,9413.0,2025.0,19599.0,72.06,35805.0
2010-07-09,9281.0,2025.0,18724.0,76.08,36119.0
2010-07-16,9977.0,2120.0,19281.0,75.96,37104.0
2010-07-23,11153.0,2120.0,19642.0,78.68,37170.0
2010-07-30,9629.0,2120.0,19302.0,78.85,37836.0
2010-08-06,9441.0,2120.0,19472.0,80.67,37722.0
2010-08-13,9561.0,2062.0,19415.0,75.39,37035.0
2010-08-20,9881.0,2062.0,19293.0,73.45,36256.0
2010-08-27,9679.0,2062.0,19590.0,75.17,35753.0
2010-09-03,8885.0,2062.0,19447.0,74.52,35535.0
2010-09-10,9027.0,2189.0,19216.0,76.4,34954.0
2010-09-17,9322.0,2189.0,19098.0,73.63,34744.0
2010-09-24,9005.0,2189.0,19754.0,74.63,34345.0
2010-10-01,8926.0,2189.0,18784.0,81.57,35094.0
2010-10-08,8128.0,2189.0,18714.0,82.66,35061.0
2010-10-15,8600.0,2186.0,18682.0,81.23,34010.0
2010-10-22,9463.0,2186.0,19366.0,81.15,33659.0
2010-10-29,8578.0,2186.0,19267.0,81.45,33545.0
2010-11-05,8089.0,2186.0,19609.0,86.85,31799.0
2010-11-12,7864.0,2121.0,18919.0,84.89,33065.0
2010-11-19,9024.0,2121.0,19010.0,81.65,33625.0
2010-11-26,8446.0,2121.0,18454.0,83.87,34535.0
2010-12-03,9053.0,2121.0,19936.0,89.18,34929.0
2010-12-10,7690.0,2252.0,20209.0,87.81,35911.0
2010-12-17,8741.0,2252.0,19981.0,88.02,36390.0
2010-12-31,8446.0,2252.0,19059.0,91.38,37493.0
2011-01-07,8895.0,2252.0,18958.0,88.07,37376.0
2011-01-14,8999.0,2241.0,19113.0,91.53,36805.0
2011-01-21,9385.0,2241.0,19035.0,88.22,37667.0
2011-01-28,9014.0,2241.0,18787.0,88.15,38334.0
2011-02-04,8909.0,2241.0,19157.0,87.87,37407.0
2011-02-11,8266.0,2168.0,19793.0,84.39,37657.0
2011-02-18,8106.0,2168.0,19664.0,85.03,37440.0
2011-02-25,8010.0,2168.0,18958.0,96.52,38570.0
2011-03-04,8300.0,2168.0,19669.0,104.34,40263.0
2011-03-11,8681.0,2327.0,19111.0,101.14,40020.0
2011-03-18,8987.0,2327.0,19310.0,101.06,40197.0
2011-03-25,9128.0,2327.0,18605.0,104.89,41886.0
2011-04-01,8950.0,2327.0,19183.0,107.55,41870.0
2011-04-08,8571.0,2327.0,19258.0,112.27,41896.0
2011-04-15,8053.0,2222.0,19274.0,109.17,41126.0
2011-04-29,8877.0,2222.0,18332.0,113.39,40490.0
2011-05-06,8964.0,2222.0,18164.0,96.87,41614.0
2011-05-13,8570.0,2191.0,18515.0,99.21,40023.0
2011-05-20,9232.0,2191.0,18916.0,99.15,40079.0
2011-05-27,9518.0,2191.0,19134.0,100.58,39920.0
2011-06-03,8600.0,2191.0,19222.0,100.28,38904.0
2011-06-10,8638.0,2453.0,18806.0,99.3,37763.0
2011-06-17,9149.0,2453.0,19037.0,93.02,38036.0
2011-06-24,8878.0,2453.0,18877.0,90.89,37494.0
2011-07-01,9854.0,2453.0,19232.0,94.81,37034.0
2011-07-08,9000.0,2453.0,18513.0,96.2,37649.0
2011-07-15,9343.0,2309.0,18853.0,97.24,36672.0
2011-07-22,9840.0,2309.0,18426.0,99.53,37102.0
2011-07-29,9134.0,2309.0,19641.0,95.68,35953.0
2011-08-05,9100.0,2309.0,20293.0,86.89,34581.0
2011-08-12,9285.0,2416.0,19414.0,85.19,33688.0
2011-08-19,8808.0,2416.0,19243.0,82.33,33662.0
2011-08-26,9607.0,2416.0,19562.0,85.37,33085.0
2011-09-02,8537.0,2416.0,19386.0,86.45,32689.0
2011-09-09,8542.0,2416.0,18654.0,87.24,32229.0
2011-09-16,8351.0,2515.0,19024.0,87.96,31998.0
2011-09-23,9702.0,2515.0,19083.0,79.58,30920.0
2011-09-30,8700.0,2515.0,19101.0,78.93,30089.0
2011-10-07,9086.0,2515.0,18737.0,82.7,30621.0
2011-10-14,7921.0,2777.0,18329.0,86.8,31092.0
2011-10-21,9373.0,2777.0,18884.0,87.19,31511.0
2011-10-28,8954.0,2777.0,18641.0,93.32,32071.0
2011-11-04,8618.0,2777.0,20037.0,94.26,31139.0
2011-11-11,8565.0,2793.0,19311.0,98.99,32029.0
2011-11-18,8319.0,2894.0,18585.0,97.67,32016.0
2011-11-25,9061.0,2894.0,17946.0,96.91,31301.0
2011-12-02,9436.0,2894.0,18308.0,100.97,31105.0
2011-12-09,8322.0,2880.0,18409.0,99.4,31188.0
2011-12-16,7581.0,2880.0,19324.0,93.55,30198.0
2011-12-23,8990.0,2880.0,18499.0,99.72,29909.0
2011-12-30,9024.0,2880.0,18023.0,98.83,29296.0
2012-01-06,9907.0,2880.0,17811.0,101.56,29105.0
2012-01-13,8265.0,2921.0,17902.0,98.69,28273.0
2012-01-20,8853.0,2921.0,19241.0,98.15,28647.0
2012-01-27,8880.0,2921.0,17704.0,99.47,30123.0
2012-02-03,8413.0,2921.0,17618.0,97.8,30490.0
2012-02-10,8756.0,3096.0,18655.0,98.68,32480.0
2012-02-17,9091.0,3156.0,18237.0,103.27,32165.0
2012-02-24,9187.0,3156.0,18256.0,109.39,33813.0
2012-03-02,8712.0,3156.0,18178.0,106.68,36178.0
2012-03-09,8716.0,3156.0,18571.0,107.4,38697.0
2012-03-16,8224.0,2734.0,17674.0,107.03,38521.0
2012-03-23,9269.0,2734.0,18204.0,106.43,39564.0
2012-03-30,9774.0,2734.0,18186.0,103.03,40293.0
2012-04-13,8718.0,2726.0,18863.0,102.84,41177.0
2012-04-20,8766.0,2726.0,18756.0,103.58,41751.0
2012-04-27,8822.0,2726.0,18544.0,104.86,42964.0
2012-05-04,8967.0,2726.0,18603.0,98.49,44127.0
2012-05-11,8881.0,2891.0,19013.0,96.03,45127.0
2012-05-18,8583.0,2891.0,18683.0,91.51,46795.0
2012-05-25,9056.0,2891.0,18320.0,90.64,46849.0
2012-06-01,8957.0,2891.0,18226.0,83.17,47775.0
2012-06-08,9117.0,2935.0,19405.0,84.08,47395.0
2012-06-15,9445.0,2935.0,18599.0,84.03,47755.0
2012-06-22,9118.0,2935.0,19064.0,79.33,47416.0
2012-06-29,8774.0,2935.0,19601.0,85.04,47641.0
2012-07-06,8626.0,2935.0,18535.0,84.37,46782.0
2012-07-13,8937.0,2935.0,18596.0,87.15,46282.0
2012-07-20,9633.0,2846.0,19076.0,91.56,46485.0
2012-07-27,8406.0,2846.0,19150.0,90.13,45100.0
2012-08-03,8627.0,2846.0,18946.0,91.4,44298.0
2012-08-10,8717.0,2866.0,20026.0,92.94,45197.0
2012-08-17,8207.0,2866.0,18747.0,96.0,45242.0
2012-08-24,9495.0,2866.0,19116.0,95.78,44821.0
2012-08-31,8035.0,2866.0,18942.0,96.47,44915.0
2012-09-07,8565.0,2866.0,17999.0,96.41,44087.0
2012-09-14,9848.0,2913.0,18334.0,98.94,43813.0
2012-09-21,7595.0,2913.0,18315.0,92.64,43730.0
2012-09-28,8106.0,2913.0,18720.0,92.18,43865.0
2012-10-05,8221.0,2913.0,18719.0,89.87,44165.0
2012-10-12,8347.0,2778.0,19519.0,91.83,44025.0
2012-10-19,8823.0,2778.0,19136.0,90.0,44065.0
2012-10-26,7922.0,2778.0,18326.0,85.84,43394.0
2012-11-02,8011.0,2778.0,18371.0,84.9,42966.0
2012-11-09,7870.0,2819.0,19346.0,86.08,43681.0
2012-11-16,7768.0,2819.0,19437.0,86.62,45150.0
2012-11-23,8118.0,2819.0,18969.0,87.01,45857.0
2012-11-30,8230.0,2819.0,18337.0,88.54,45631.0
2012-12-07,8499.0,2819.0,18825.0,85.45,46818.0
2012-12-14,8399.0,2944.0,19955.0,86.32,46963.0
2012-12-21,8025.0,2944.0,18857.0,88.2,49177.0
2012-12-28,7094.0,2944.0,18894.0,90.66,49750.0
2013-01-04,8342.0,2944.0,17755.0,93.12,50082.0
2013-01-11,8030.0,2944.0,17954.0,93.6,51862.0
2013-01-18,7730.0,3091.0,18645.0,95.61,51391.0
2013-01-25,8068.0,3091.0,18681.0,95.15,51675.0
2013-02-01,7569.0,3091.0,18052.0,97.46,51360.0
2013-02-08,7513.0,3091.0,19048.0,95.71,50242.0
2013-02-15,7689.0,3091.0,18412.0,95.95,50659.0
2013-02-22,7958.0,3283.0,18680.0,93.12,50584.0
2013-03-01,7308.0,3283.0,18296.0,90.71,50841.0
2013-03-08,7535.0,3283.0,18597.0,92.01,49315.0
2013-03-15,7317.0,2894.0,17765.0,93.49,49029.0
2013-03-22,8158.0,2894.0,18873.0,93.41,49468.0
2013-04-05,7720.0,2894.0,18121.0,92.76,50070.0
2013-04-12,7431.0,2894.0,18461.0,91.23,51148.0
2013-04-19,7564.0,2893.0,18610.0,88.04,51183.0
2013-04-26,8166.0,2893.0,17937.0,92.63,49801.0
2013-05-03,7606.0,2893.0,19100.0,95.25,49149.0
2013-05-10,7623.0,2893.0,18516.0,95.81,49724.0
2013-05-17,8130.0,2730.0,18846.0,95.72,50173.0
2013-05-24,7817.0,2730.0,18286.0,93.84,50508.0
2013-05-31,7268.0,2730.0,18779.0,91.93,50024.0
2013-06-07,7850.0,2730.0,17923.0,96.11,49265.0
2013-06-14,8436.0,2730.0,18419.0,97.83,48596.0
2013-06-21,8298.0,2857.0,18967.0,93.81,49260.0
2013-06-28,7407.0,2857.0,20392.0,96.36,49652.0
2013-07-05,7525.0,2857.0,19239.0,103.09,46965.0
2013-07-12,7705.0,2857.0,19467.0,105.85,46083.0
2013-07-19,8032.0,2955.0,19787.0,108.0,44023.0
2013-07-26,8168.0,2955.0,19664.0,104.76,42119.0
2013-08-02,7914.0,2955.0,19688.0,106.94,39874.0
2013-08-09,7917.0,2955.0,19088.0,106.04,38515.0
2013-08-16,7951.0,3245.0,19337.0,107.58,37425.0
2013-08-23,8374.0,3245.0,19449.0,106.48,36588.0
2013-08-30,8255.0,3245.0,18911.0,107.98,34759.0
2013-09-06,8017.0,3245.0,18360.0,110.62,34120.0
2013-09-13,7578.0,3245.0,19820.0,108.31,33259.0
2013-09-20,7925.0,3428.0,19261.0,104.7,32847.0
2013-09-27,8363.0,3428.0,18681.0,102.86,32788.0
2013-10-04,8043.0,3428.0,19044.0,103.83,32620.0
2013-10-11,8004.0,3428.0,18990.0,102.17,32986.0
2013-10-18,7656.0,3428.0,18269.0,100.87,33344.0
2013-10-25,7459.0,3379.0,20136.0,97.4,35522.0
2013-11-01,7224.0,3379.0,20223.0,94.56,36513.0
2013-11-08,7844.0,3379.0,20297.0,94.56,38204.0
2013-11-15,7863.0,3379.0,20438.0,93.8,39940.0
2013-11-22,7718.0,3443.0,19635.0,94.53,40616.0
2013-11-29,7809.0,3443.0,19973.0,92.55,40598.0
2013-12-06,6862.0,3443.0,18554.0,97.48,41223.0
2013-12-13,7732.0,3443.0,20996.0,96.27,40623.0
2013-12-20,7535.0,3641.0,20484.0,99.11,40177.0
2013-12-27,7495.0,3641.0,19004.0,99.94,39625.0
2014-01-03,7961.0,3641.0,18222.0,93.66,40725.0
2014-01-10,6889.0,3641.0,18858.0,92.39,40870.0
2014-01-17,7544.0,3641.0,18959.0,93.96,41592.0
2014-01-24,8048.0,3722.0,20047.0,96.66,41829.0
2014-01-31,6887.0,3722.0,19110.0,97.55,40276.0
2014-02-07,7929.0,3722.0,18541.0,99.98,37603.0
2014-02-14,7421.0,3722.0,18709.0,100.31,35870.0
2014-02-21,7037.0,3813.0,18283.0,102.53,34792.0
2014-02-28,7112.0,3813.0,18291.0,102.88,32132.0
2014-03-07,7311.0,3813.0,19027.0,102.82,30791.0
2014-03-14,7309.0,3813.0,18783.0,99.23,29802.0
2014-03-21,7617.0,3813.0,18257.0,99.97,28477.0
2014-03-28,6831.0,3609.0,18199.0,101.73,27254.0
2014-04-04,7312.0,3609.0,18289.0,101.16,27599.0
2014-04-11,8271.0,3609.0,18412.0,103.68,26828.0
2014-04-25,7483.0,3075.0,18849.0,100.85,25428.0
2014-05-02,6885.0,3075.0,18552.0,100.09,24033.0
2014-05-09,7127.0,3075.0,19447.0,100.32,23441.0
2014-05-16,6469.0,3075.0,18855.0,102.31,23216.0
2014-05-23,7809.0,3153.0,19563.0,105.01,21691.0
2014-05-30,7123.0,3153.0,18586.0,103.4,21370.0
2014-06-06,7146.0,3153.0,18025.0,103.32,21172.0
2014-06-13,7234.0,3153.0,18557.0,107.49,21419.0
2014-06-20,7341.0,3392.0,18807.0,107.95,21835.0
2014-06-27,7265.0,3392.0,19433.0,106.46,20476.0
2014-07-11,7427.0,3392.0,19277.0,101.48,20273.0
2014-07-18,7407.0,3392.0,19311.0,103.83,18823.0
2014-07-25,7744.0,3807.0,19607.0,105.23,17899.0
2014-08-01,7563.0,3807.0,20335.0,97.86,17982.0
2014-08-08,7846.0,3807.0,19825.0,97.61,18400.0
2014-08-15,7459.0,3807.0,19885.0,97.3,20155.0
2014-08-22,7633.0,3721.0,19183.0,93.61,20663.0
2014-08-29,7675.0,3721.0,19955.0,97.86,20278.0
2014-09-05,7621.0,3721.0,18596.0,93.32,20356.0
2014-09-12,8114.0,3721.0,19749.0,92.18,19999.0
2014-09-19,6870.0,3721.0,19177.0,92.43,20190.0
2014-09-26,7284.0,3974.0,19400.0,95.55,20505.0
2014-10-03,7712.0,3974.0,19019.0,89.76,18929.0
2014-10-10,7740.0,3974.0,19595.0,85.87,19645.0
2014-10-17,7477.0,3974.0,18645.0,82.8,20598.0
2014-10-24,7101.0,4018.0,20061.0,81.27,21374.0
2014-10-31,6675.0,4018.0,19607.0,80.53,20823.0
2014-11-07,6877.0,4018.0,19844.0,78.71,22527.0
2014-11-14,7638.0,4018.0,19702.0,75.91,23245.0
2014-11-21,7473.0,3778.0,20480.0,76.52,24579.0
2014-11-28,7303.0,3778.0,19831.0,65.94,23885.0
2014-12-05,7668.0,3778.0,19454.0,65.89,24905.0
2014-12-12,7104.0,3778.0,20465.0,57.81,27825.0
2014-12-19,8292.0,3759.0,21037.0,56.91,28798.0
2014-12-26,7061.0,3759.0,19939.0,54.59,30793.0
2015-01-02,6856.0,3759.0,19344.0,52.72,32098.0
2015-01-09,7492.0,3759.0,19224.0,48.35,33874.0
2015-01-16,7218.0,3759.0,20204.0,48.49,36783.0
2015-01-23,7422.0,4092.0,20508.0,45.26,38868.0
2015-01-30,7387.0,4092.0,18635.0,47.79,41384.0
2015-02-06,7286.0,4092.0,19655.0,51.66,42598.0
2015-02-13,7105.0,4092.0,20387.0,52.66,46261.0
2015-02-20,7279.0,4427.0,19776.0,49.95,48680.0
2015-02-27,7368.0,4427.0,19654.0,49.84,49216.0
2015-03-06,6793.0,4427.0,18609.0,49.61,51538.0
2015-03-13,7496.0,4427.0,19518.0,44.88,54403.0
2015-03-20,7392.0,4260.0,18700.0,46.0,56314.0
2015-03-27,7348.0,4260.0,19475.0,48.83,58943.0
2015-04-10,7148.0,4260.0,18995.0,51.63,61462.0
2015-04-17,7765.0,4260.0,19139.0,55.71,62200.0
2015-04-24,7446.0,3983.0,19576.0,55.98,61686.0
2015-05-01,6541.0,3983.0,18196.0,59.1,61674.0
2015-05-08,6881.0,3983.0,20651.0,59.41,60684.0
2015-05-15,7199.0,3983.0,20235.0,59.73,60443.0
2015-05-22,6696.0,3794.0,19980.0,58.88,60010.0
2015-05-29,7373.0,3794.0,18878.0,60.25,59027.0
2015-06-05,6623.0,3794.0,19783.0,59.11,58003.0
2015-06-12,7067.0,3794.0,19971.0,59.96,58115.0
2015-06-19,6765.0,4312.0,20682.0,59.62,56245.0
2015-06-26,7513.0,4312.0,19730.0,59.41,56368.0
2015-07-10,7354.0,4312.0,19864.0,52.74,57105.0
2015-07-17,7941.0,4312.0,21021.0,50.88,57918.0
2015-07-24,7545.0,4312.0,20246.0,47.98,57706.0
2015-07-31,7180.0,4460.0,20221.0,47.11,57164.0
2015-08-07,7573.0,4460.0,20094.0,43.87,57113.0
2015-08-14,8038.0,4460.0,21397.0,42.45,57439.0
2015-08-21,7199.0,4172.0,19423.0,40.45,57695.0
2015-08-28,7855.0,4172.0,20252.0,45.29,57307.0
2015-09-04,7459.0,4172.0,19795.0,46.02,56410.0
2015-09-11,7189.0,4172.0,18543.0,44.75,54504.0
2015-09-18,7176.0,4172.0,20141.0,44.71,54042.0
2015-09-25,7554.0,4561.0,19592.0,45.55,52974.0
2015-10-02,7068.0,4561.0,18875.0,45.54,53072.0
2015-10-09,7315.0,4561.0,19473.0,49.67,54197.0
2015-10-16,7471.0,4561.0,19477.0,47.3,54119.0
2015-10-23,7032.0,4197.0,20303.0,43.91,53334.0
2015-10-30,6943.0,4197.0,19477.0,46.6,53122.0
2015-11-06,7377.0,4197.0,19809.0,44.32,55359.0
2015-11-13,6968.0,4197.0,19465.0,40.69,56854.0
2015-11-20,7333.0,4598.0,19427.0,39.39,58598.0
2015-11-27,7747.0,4598.0,19866.0,40.57,59026.0
2015-12-04,8021.0,4598.0,20270.0,40.0,59449.0
2015-12-11,8312.0,4598.0,20237.0,35.65,60056.0
2015-12-18,7326.0,4343.0,19785.0,34.72,62101.0
2016-01-08,8188.0,4343.0,18540.0,33.2,64007.0
2016-01-15,7779.0,4343.0,19976.0,29.45,64198.0
2016-01-22,7609.0,4364.0,21101.0,32.07,63427.0
2016-01-29,8256.0,4364.0,19156.0,33.66,64174.0
2016-02-05,7124.0,4364.0,19022.0,30.86,64697.0
2016-02-12,7919.0,4364.0,19742.0,29.32,64733.0
2016-02-19,7802.0,4364.0,20668.0,29.59,65066.0
2016-02-26,8292.0,4772.0,19199.0,31.65,66256.0
2016-03-04,8048.0,4772.0,19864.0,35.91,66946.0
2016-03-11,7693.0,4772.0,19260.0,38.51,67491.0
2016-03-18,8384.0,4772.0,19403.0,39.47,66233.0
2016-04-01,7254.0,4023.0,19868.0,35.36,66318.0
2016-04-08,7940.0,4023.0,19987.0,39.74,64551.0
2016-04-15,8187.0,4023.0,20228.0,40.4,64303.0
2016-04-22,7550.0,3998.0,19828.0,42.76,66049.0
2016-04-29,7660.0,3998.0,20242.0,45.98,66292.0
2016-05-06,7655.0,3998.0,19952.0,44.58,67812.0
2016-05-13,7677.0,3998.0,20775.0,46.22,68273.0
2016-05-20,7315.0,3998.0,20438.0,47.67,67624.0
2016-05-27,7839.0,4218.0,20355.0,49.36,66920.0
2016-06-03,7705.0,4218.0,19779.0,48.69,65557.0
2016-06-10,7622.0,4218.0,20840.0,49.09,66461.0
2016-06-17,8439.0,4218.0,20010.0,48.0,65181.0
2016-06-24,7555.0,4492.0,21149.0,46.7,64230.0
2016-07-01,8363.0,4492.0,20050.0,49.02,64148.0
2016-07-08,7841.0,4492.0,19447.0,45.37,63916.0
2016-07-15,8134.0,4492.0,20653.0,45.93,64105.0
2016-07-22,8437.0,4578.0,20802.0,43.41,65215.0
2016-07-29,8738.0,4578.0,20950.0,41.54,64092.0
2016-08-05,8404.0,4578.0,20701.0,41.83,65255.0
2016-08-12,8193.0,4578.0,20625.0,44.47,64531.0
2016-08-19,8642.0,4578.0,20741.0,48.48,64906.0
2016-08-26,8917.0,4976.0,20152.0,47.64,63867.0
2016-09-02,7069.0,4066.0,21310.0,44.39,63433.0
2016-09-09,8062.0,4203.0,20221.0,45.88,62188.0
2016-09-16,8309.0,5736.0,19431.0,43.04,62714.0
2016-09-23,7835.0,5464.0,19226.0,44.36,62083.0
2016-09-30,7710.0,5290.0,20561.0,47.72,62652.0
2016-10-07,7861.0,4611.0,20738.0,49.76,61334.0
2016-10-14,6907.0,3946.0,19716.0,50.35,59699.0
2016-10-21,7016.0,4600.0,20465.0,50.61,58362.0
2016-10-28,8995.0,4598.0,19884.0,48.72,58451.0
2016-11-04,7442.0,4890.0,20191.0,44.07,58479.0
2016-11-11,8423.0,5239.0,19349.0,43.39,59170.0
2016-11-18,7578.0,4812.0,20034.0,45.69,59083.0
2016-11-25,7548.0,5082.0,19758.0,46.72,61502.0
2016-12-02,8303.0,5266.0,19102.0,51.7,65285.0
2016-12-09,7360.0,5744.0,18879.0,51.51,66508.0
2016-12-16,8471.0,5431.0,21409.0,51.93,66263.0
2016-12-23,8167.0,6494.0,20159.0,52.01,66435.0
2016-12-30,7183.0,5672.0,17925.0,53.75,67509.0
2017-01-06,9052.0,5946.0,18606.0,53.98,66930.0
2017-01-13,8378.0,5314.0,20702.0,52.36,65656.0
2017-01-20,7810.0,5540.0,18639.0,52.33,65372.0
2017-01-27,8290.0,5289.0,19307.0,53.18,64127.0
2017-02-03,9372.0,5948.0,20814.0,53.81,65270.0
2017-02-10,8491.0,5533.0,18663.0,53.84,64568.0
2017-02-17,7286.0,5898.0,20360.0,53.41,63040.0
2017-02-24,7589.0,5335.0,19496.0,53.99,63535.0
2017-03-03,8150.0,6224.0,19900.0,53.33,64402.0
2017-03-10,7405.0,5685.0,19464.0,48.05,66532.0
2017-03-17,8307.0,5334.0,19255.0,48.34,67951.0
2017-03-24,8224.0,6210.0,19874.0,47.3,67731.0
2017-03-31,7850.0,5310.0,19703.0,50.54,69144.0
2017-04-07,7878.0,5033.0,19879.0,52.25,69420.0
2017-04-21,8912.0,5979.0,19110.0,49.64,67439.0
2017-04-28,8264.0,5275.0,19894.0,49.31,66711.0
2017-05-05,7620.0,5275.0,20545.0,46.23,66273.0
2017-05-12,8590.0,6005.0,19484.0,47.83,66308.0
2017-05-19,8294.0,5267.0,20795.0,50.32,65567.0
2017-05-26,7985.0,6233.0,20757.0,49.58,64820.0
2017-06-02,8341.0,5117.0,19340.0,47.68,63376.0
2017-06-09,8025.0,5170.0,19514.0,45.82,62220.0
2017-06-16,7876.0,4897.0,21067.0,44.73,61140.0
2017-06-23,8016.0,5599.0,19646.0,42.86,60843.0
2017-06-30,7742.0,5116.0,22225.0,46.02,59509.0
2017-07-07,7610.0,5620.0,19958.0,44.25,57561.0
2017-07-14,7996.0,5537.0,21178.0,46.53,57538.0
2017-07-21,8044.0,5540.0,21289.0,45.78,55839.0
2017-07-28,8253.0,5079.0,20591.0,49.72,55800.0
2017-08-04,7762.0,4890.0,21929.0,49.57,56369.0
2017-08-11,8126.0,5633.0,20959.0,48.81,57047.0
2017-08-18,8790.0,5339.0,20678.0,48.59,56544.0
2017-08-25,7905.0,5411.0,21430.0,47.65,57233.0
2017-09-01,7083.0,2180.0,19957.0,47.32,58030.0
2017-09-08,6480.0,3735.0,19715.0,47.44,59053.0
2017-09-15,7368.0,5417.0,20443.0,49.9,59756.0
2017-09-22,7427.0,6085.0,21100.0,50.33,60937.0
2017-09-29,7214.0,7023.0,19714.0,51.67,62462.0
2017-10-06,7617.0,5945.0,19716.0,49.34,63784.0
2017-10-13,7483.0,6846.0,19142.0,51.43,63986.0
2017-10-20,8123.0,7663.0,20010.0,51.63,63749.0
2017-10-27,7571.0,7678.0,19184.0,53.92,63839.0
2017-11-03,7377.0,5854.0,21301.0,55.63,64559.0
2017-11-10,7898.0,6142.0,19755.0,56.75,63055.0
2017-11-17,7873.0,7012.0,19289.0,56.21,61228.0
2017-11-24,7329.0,7328.0,19664.0,58.94,58314.0
2017-12-01,7202.0,6399.0,19948.0,58.35,55561.0
2017-12-08,7363.0,5632.0,20471.0,57.15,52244.0
2017-12-15,7834.0,7553.0,21111.0,57.29,52998.0
2017-12-22,7993.0,6797.0,20775.0,58.25,51414.0
2017-12-29,7966.0,5945.0,19947.0,60.46,48973.0
2018-01-05,7658.0,6145.0,20639.0,61.49,46578.0
2018-01-12,7950.0,6356.0,20809.0,64.22,42394.0
2018-01-19,8041.0,6213.0,20636.0,63.38,39244.0
2018-01-26,8430.0,6649.0,21003.0,66.27,37020.0
2018-02-02,7892.0,5722.0,20843.0,65.5,36309.0
2018-02-09,7888.0,6274.0,20284.0,59.2,32667.0
2018-02-16,7021.0,6752.0,20454.0,61.89,30003.0
2018-02-23,7282.0,5669.0,19872.0,63.52,28785.0
2018-03-02,8003.0,6403.0,20470.0,61.19,28180.0
2018-03-09,7585.0,6649.0,20931.0,62.02,28518.0
2018-03-16,7077.0,6566.0,20675.0,62.29,29423.0
2018-03-23,8148.0,6491.0,20917.0,65.8,31227.0
2018-04-06,8650.0,6229.0,19812.0,62.03,36022.0
2018-04-13,7930.0,6725.0,21434.0,67.35,34907.0
2018-04-20,8469.0,8332.0,19000.0,68.26,35366.0
2018-04-27,8549.0,7158.0,20164.0,68.11,35782.0
2018-05-04,7323.0,6692.0,20548.0,69.71,37170.0
2018-05-11,7601.0,7205.0,20527.0,70.69,37223.0
2018-05-18,8159.0,6881.0,20653.0,71.23,36100.0
2018-05-25,7631.0,6822.0,20887.0,67.92,35544.0
2018-06-01,8346.0,7031.0,18456.0,65.81,34589.0
2018-06-08,8099.0,6712.0,21801.0,65.77,33902.0
2018-06-15,8242.0,7597.0,20228.0,65.01,32606.0
2018-06-22,8356.0,8544.0,20295.0,69.02,29893.0
2018-06-29,9055.0,7476.0,21272.0,74.13,27780.0
2018-07-06,7431.0,7654.0,19908.0,73.78,25718.0
2018-07-13,9066.0,6203.0,21302.0,71.03,24858.0
2018-07-20,7770.0,8051.0,21700.0,70.31,23731.0
2018-07-27,7749.0,6338.0,20570.0,68.66,22393.0
2018-08-03,7931.0,7052.0,20928.0,68.49,21803.0
2018-08-10,9014.0,6869.0,20187.0,67.61,23446.0
2018-08-17,7518.0,6528.0,21541.0,65.93,24218.0
2018-08-24,7485.0,6626.0,22137.0,69.71,24276.0
2018-08-31,7714.0,5569.0,21663.0,69.84,24825.0
2018-09-07,7591.0,6688.0,20570.0,67.73,23583.0
2018-09-14,8024.0,7590.0,21134.0,68.98,22333.0
2018-09-21,7802.0,7837.0,19999.0,70.8,22794.0
2018-09-28,7965.0,7398.0,20174.0,73.16,24493.0
2018-10-05,7397.0,7475.0,19823.0,74.26,26852.0
2018-10-12,7615.0,7554.0,19960.0,71.41,28628.0
2018-10-19,7678.0,7528.0,21491.0,69.16,29999.0
2018-10-26,7344.0,7839.0,20997.0,67.58,31877.0
2018-11-02,7539.0,7337.0,20386.0,63.12,34296.0
2018-11-09,7452.0,6455.0,22387.0,60.19,35463.0
2018-11-16,7554.0,7171.0,21264.0,56.49,35347.0
2018-11-30,7219.0,9049.0,20530.0,50.78,38253.0
2018-12-07,7393.0,7814.0,21481.0,52.76,39401.0
2018-12-14,7423.0,7777.0,22329.0,51.26,40492.0
2018-12-21,7656.0,8856.0,20741.0,45.38,41291.0
2018-12-28,7392.0,7616.0,19056.0,45.15,41932.0
2019-01-04,7846.0,6937.0,19764.0,47.76,42262.0
2019-01-11,7527.0,7685.0,20864.0,51.44,41519.0
2019-01-18,8191.0,6954.0,21460.0,53.6,41329.0
2019-01-25,7083.0,6998.0,20815.0,53.53,41184.0
2019-02-01,7146.0,8022.0,21838.0,55.29,42625.0
2019-02-08,6210.0,7541.0,19114.0,52.75,41609.0
2019-02-15,7522.0,8330.0,20720.0,55.58,45022.0
2019-02-22,5917.0,8164.0,21470.0,57.01,46650.0
2019-03-01,7001.0,8272.0,20490.0,55.76,47523.0
2019-03-08,6746.0,7785.0,20808.0,55.77,46851.0
2019-03-15,6932.0,7589.0,21492.0,58.51,46383.0
2019-03-22,6540.0,8084.0,20130.0,58.87,46924.0
2019-03-29,6763.0,7594.0,19998.0,60.19,47125.0
2019-04-05,6599.0,7545.0,20316.0,63.1,45992.0
2019-04-12,5992.0,7716.0,19893.0,63.86,44449.0
2019-04-26,7414.0,7767.0,20152.0,63.29,45177.0
2019-05-03,6693.0,7548.0,20408.0,61.98,45998.0
2019-05-10,7612.0,8562.0,19477.0,61.65,47803.0
2019-05-17,6943.0,8067.0,19661.0,62.77,49069.0
2019-05-24,6862.0,8563.0,21458.0,58.4,49053.0
2019-05-31,7927.0,8344.0,19449.0,53.49,50844.0
2019-06-07,7611.0,7852.0,21123.0,53.95,52940.0
2019-06-14,7467.0,8831.0,20807.0,52.47,53582.0
2019-06-21,6656.0,9377.0,20876.0,57.35,51836.0
2019-06-28,7585.0,7925.0,20770.0,58.2,52488.0
2019-07-12,6832.0,7058.0,20306.0,59.99,50827.0
2019-07-19,7028.0,7994.0,21583.0,55.42,50398.0
2019-07-26,6663.0,8401.0,21296.0,56.04,48865.0
2019-08-02,7148.0,6919.0,21481.0,55.67,47361.0
2019-08-09,7714.0,7736.0,22078.0,54.41,44821.0
2019-08-16,7218.0,8088.0,20987.0,54.83,42336.0
